SKU	Section	2018-12 Units	2018-12 Gross Sales	2019-1 Units	2019-1 Gross Sales	2019-2 Units	2019-2 Gross Sales	2019-3 Units	2019-3 Gross Sales	2019-4 Units	2019-4 Gross Sales	2019-5 Units	2019-5 Gross Sales
1009966	International	834	1626.3	876	1708.2	867	1690.65	910	1774.5	910	1774.5	910	1774.5
1023132	Produce	194	3296.06	198	3364.02	194	3296.06	202	3431.98	206	3499.94	220	3737.8
1028684	Freezer	465	8718.75	479	8981.25	503	9431.25	518	9712.5	544	10200	528	9900
1041002	Produce	523	8362.77	539	8618.61	528	8442.72	549	8778.51	554	8858.46	526	8410.74
1049745	International	522	7803.9	517	7729.15	501	7489.95	526	7863.7	510	7624.5	495	7400.25
1055295	Freezer	732	9479.4	754	9764.3	777	10062.15	777	10062.15	754	9764.3	784	10152.8
1077514	Freezer	142	282.58	139	276.61	142	282.58	142	282.58	138	274.62	146	290.54
1077848	Sodas and Drinks	443	5736.85	434	5620.3	434	5620.3	438	5672.1	425	5503.75	404	5231.8
1091200	Refrigerated	506	1518	501	1503	496	1488	521	1563	511	1533	537	1611
1095347	Canned Goods	334	2338	327	2289	324	2268	334	2338	337	2359	337	2359
1106193	Canned Goods	379	947.5	375	937.5	364	910	353	882.5	364	910	386	965
1114726	Refrigerated	167	3338.33	170	3398.3	167	3338.33	172	3438.28	181	3618.19	179	3578.21
1131448	Sodas and Drinks	640	8800	653	8978.75	686	9432.5	700	9625	707	9721.25	742	10202.5
1135408	Refrigerated	821	5705.95	796	5532.2	812	5643.4	836	5810.2	811	5636.45	770	5351.5
1140978	Produce	87	691.65	88	699.6	90	715.5	94	747.3	96	763.2	93	739.35
1144870	Sodas and Drinks	259	515.41	256	509.44	266	529.34	269	535.31	282	561.18	279	555.21
1144871	Baby	649	6327.75	630	6142.5	636	6201	642	6259.5	668	6513	701	6834.75
1145972	Produce	320	2224	330	2293.5	320	2224	310	2154.5	310	2154.5	341	2369.95
1148283	Freezer	799	6791.5	823	6995.5	839	7131.5	839	7131.5	831	7063.5	789	6706.5
1150334	Dairy	379	5681.21	371	5561.29	386	5786.14	390	5846.1	386	5786.14	405	6070.95
1153124	Produce	117	2164.5	117	2164.5	123	2275.5	128	2368	132	2442	133	2525.67
1161355	Sodas and Drinks	729	7282.71	722	7212.78	729	7282.71	722	7212.78	758	7572.42	811	8101.89
1163665	Snacks	385	8065.75	389	8149.55	385	8065.75	373	7814.35	380	7961	361	7562.95
1171011	Baby	885	15036.15	876	14883.24	858	14577.42	849	14424.51	849	14424.51	857	14560.43
1174535	Freezer	342	4770.9	356	4966.2	349	4868.55	339	4729.05	336	4687.2	326	4547.7
1176571	Sodas and Drinks	58	405.42	59	412.41	61	426.39	62	433.38	62	433.38	61	426.39
1196912	Snacks	244	1220	256	1280	259	1295	259	1295	269	1345	274	1370
1198427	Canned Goods	59	117.41	60	119.4	61	121.39	59	117.41	57	113.43	56	111.44
1219313	Canned Goods	410	7375.9	422	7591.78	414	7447.86	402	7231.98	410	7375.9	390	7016.1
1220432	Refrigerated	525	5775	525	5775	536	5896	541	5951	530	5830	583	6413
1249626	International	119	2021.81	118	2004.82	119	2021.81	118	2004.82	117	1987.83	123	2089.77
1252891	International	1001	2992.99	1051	3142.49	1062	3175.38	1041	3112.59	1010	3019.9	1000	2990
1259488	Refrigerated	30	478.5	30	478.5	30	478.5	29	462.55	28	446.6	28	446.6
1259760	Produce	561	10378.5	544	10064	566	10471	555	10267.5	572	10582	549	10156.5
1260610	Produce	253	1012	256	1024	264	1056	272	1088	269	1076	291	1164
1266828	Canned Goods	344	258	358	268.5	354	265.5	368	276	383	287.25	421	315.75
1268010	Produce	896	14112	896	14112	869	13686.75	852	13419	895	14096.25	940	14805
1301634	Produce	18	71.82	18	71.82	17	67.83	18	71.82	17	67.83	18	71.82
1318095	Refrigerated	172	3259.4	175	3316.25	173	3278.35	175	3316.25	177	3354.15	184	3486.8
1339176	Produce	676	10809.24	683	10921.17	669	10697.31	696	11129.04	682	10905.18	689	11017.11
1353962	Dairy	969	15019.5	1008	15624	1008	15624	1038	16089	1007	15608.5	997	15453.5
1354909	Produce	403	8060	415	8300	415	8300	415	8300	415	8300	436	8720
1362201	Sodas and Drinks	836	2466.2	869	2563.55	860	2537	869	2563.55	886	2613.7	948	2796.6
1371397	Refrigerated	606	4545	600	4500	624	4680	636	4770	623	4672.5	611	4582.5
1393300	Produce	440	5715.6	444	5767.56	435	5650.65	452	5871.48	438	5689.62	425	5520.75
1402988	Freezer	67	536	70	560	70	560	69	552	70	560	73	584
1405230	Baby	304	4180	295	4056.25	298	4097.5	292	4015	295	4056.25	316	4345
1443005	Freezer	832	3286.4	832	3286.4	857	3385.15	883	3487.85	865	3416.75	865	3416.75
1445238	Produce	273	4354.35	270	4306.5	270	4306.5	270	4306.5	275	4386.25	300	4785
1461287	Freezer	424	7610.8	428	7682.6	437	7844.15	424	7610.8	445	7987.75	490	8795.5
1462685	International	871	9572.29	906	9956.94	933	10253.67	924	10154.76	961	10561.39	1009	11088.91
1464420	Produce	14	164.5	14	164.5	15	176.25	15	176.25	15	176.25	15	176.25
1487498	Produce	490	8325.1	505	8579.95	510	8664.9	525	8919.75	546	9276.54	519	8817.81
1493993	Produce	138	1102.62	144	1150.56	151	1206.49	157	1254.43	157	1254.43	162	1294.38
1495122	Baby	508	2006.6	508	2006.6	518	2046.1	539	2129.05	550	2172.5	567	2239.65
1534029	Produce	334	6342.66	327	6209.73	343	6513.57	353	6703.47	349	6627.51	373	7083.27
1546680	Refrigerated	297	1185.03	294	1173.06	303	1208.97	303	1208.97	294	1173.06	315	1256.85
1546910	Dairy	467	7822.25	462	7738.5	480	8040	490	8207.5	475	7956.25	518	8676.5
1557712	International	197	394	197	394	191	382	191	382	197	394	187	374
1580194	Produce	1039	12468	1070	12840	1049	12588	1059	12708	1048	12576	1121	13452
1585547	Snacks	502	476.9	522	495.9	512	486.4	507	481.65	497	472.15	517	491.15
1597890	Baby	168	1006.32	166	994.34	166	994.34	169	1012.31	174	1042.26	183	1096.17
1602752	Canned Goods	656	3929.44	682	4085.18	668	4001.32	695	4163.05	695	4163.05	695	4163.05
1620182	Produce	196	3714.2	194	3676.3	194	3676.3	192	3638.4	188	3562.6	184	3486.8
1625156	Refrigerated	1013	14688.5	1043	15123.5	1043	15123.5	1033	14978.5	1002	14529	982	14239
1632993	Refrigerated	119	1428	118	1416	118	1416	114	1368	115	1380	120	1440
1633759	Produce	18	359.82	18	359.82	18	359.82	17	339.83	18	359.82	20	399.8
1639784	Produce	835	16691.65	860	17191.4	860	17191.4	877	17531.23	886	17711.14	877	17531.23
1642573	International	652	9095.4	665	9276.75	645	8997.75	651	9081.45	684	9541.8	698	9737.1
1647982	Produce	577	2302.23	583	2326.17	583	2326.17	571	2278.29	594	2370.06	600	2394
1662442	International	718	11480.82	711	11368.89	747	11944.53	732	11704.68	754	12056.46	777	12424.23
1675219	Produce	901	9000.99	946	9450.54	946	9450.54	955	9540.45	993	9920.07	973	9720.27
1678247	Produce	833	13286.35	808	12887.6	792	12632.4	816	13015.2	857	13669.15	926	14769.7
1683989	Produce	171	675.45	168	663.6	166	655.7	164	647.8	169	667.55	172	679.4
1748177	Snacks	195	193.05	203	200.97	213	210.87	215	212.85	221	218.79	236	233.64
1748600	Dairy	533	6369.35	544	6500.8	544	6500.8	544	6500.8	544	6500.8	544	6500.8
1750183	International	822	4726.5	830	4772.5	830	4772.5	838	4818.5	846	4864.5	914	5255.5
1752109	Freezer	588	1146.6	594	1158.3	612	1193.4	636	1240.2	649	1265.55	681	1327.95
1759467	Canned Goods	526	520.74	537	531.63	558	552.42	586	580.14	592	586.08	580	574.2
1760788	Produce	83	1157.85	85	1185.75	82	1143.9	81	1129.95	83	1157.85	85	1185.75
1782787	Snacks	526	3655.7	552	3836.4	546	3794.7	541	3759.95	563	3912.85	552	3836.4
1799617	Dairy	930	15763.5	958	16238.1	939	15916.05	967	16390.65	938	15899.1	910	15424.5
1809437	Canned Goods	5	9.75	5	9.75	5	9.75	5	9.75	5	9.75	5	9.75
1814724	Produce	370	1665	389	1750.5	408	1836	404	1818	404	1818	412	1854
1828816	Produce	396	7520.04	408	7747.92	416	7899.84	437	8298.63	450	8545.5	482	9153.18
1829805	Sodas and Drinks	779	10088.05	756	9790.2	794	10282.3	834	10800.3	817	10580.15	899	11642.05
1848659	Snacks	891	7083.45	927	7369.65	955	7592.25	1003	7973.85	1023	8132.85	1023	8132.85
1849092	Produce	690	3443.1	697	3478.03	732	3652.68	761	3797.39	776	3872.24	830	4141.7
1866920	Produce	217	1942.15	213	1906.35	222	1986.9	226	2022.7	221	1977.95	243	2174.85
1889590	Freezer	404	7267.96	392	7052.08	400	7196	392	7052.08	396	7124.04	432	7771.68
1896415	Freezer	635	1270	629	1258	635	1270	616	1232	634	1268	647	1294
1919757	Produce	447	5788.65	434	5620.3	438	5672.1	442	5723.9	451	5840.45	496	6423.2
1920202	Produce	219	2844.81	223	2896.77	216	2805.84	212	2753.88	223	2896.77	227	2948.73
1951352	Snacks	839	797.05	847	804.65	830	788.5	830	788.5	838	796.1	855	812.25
1970772	Refrigerated	604	6637.96	604	6637.96	634	6967.66	621	6824.79	627	6890.73	640	7033.6
1973052	Sodas and Drinks	418	2085.82	439	2190.61	461	2300.39	447	2230.53	451	2250.49	487	2430.13
1973097	International	334	5661.3	344	5830.8	358	6068.1	351	5949.45	344	5830.8	351	5949.45
1974868	Refrigerated	956	15296	975	15600	1014	16224	994	15904	1044	16704	1013	16208
1975792	Produce	441	8158.5	445	8232.5	436	8066	440	8140	431	7973.5	418	7733
1994555	Refrigerated	46	943	47	963.5	46	943	46	943	45	922.5	44	902
1994880	Produce	686	5481.14	672	5369.28	685	5473.15	678	5417.22	692	5529.08	664	5305.36
2003567	Baby	52	883.48	55	934.45	57	968.43	56	951.44	56	951.44	59	1002.41
2013567	International	612	12546	612	12546	600	12300	612	12546	618	12669	612	12546
2025633	Produce	966	6752.34	976	6822.24	1025	7164.75	1035	7234.65	1004	7017.96	954	6668.46
2040417	Produce	161	3059	164	3116	164	3116	161	3059	159	3021	156	2964
2043995	Produce	256	1789.44	253	1768.47	261	1824.39	271	1894.29	266	1859.34	277	1936.23
2044979	Dairy	167	1002	167	1002	164	984	167	1002	174	1044	191	1146
2045623	Sodas and Drinks	237	2832.15	230	2748.5	223	2664.85	232	2772.4	227	2712.65	216	2581.2
2050418	Dairy	97	460.75	99	470.25	102	484.5	99	470.25	97	460.75	92	437
2062533	International	298	6255.02	298	6255.02	301	6317.99	313	6569.87	329	6905.71	362	7598.38
2102052	International	6	96	6	96	6	96	6	96	6	96	6	96
2109732	Baby	872	12199.28	907	12688.93	916	12814.84	889	12437.11	898	12563.02	943	13192.57
2111413	Freezer	925	925	971	971	990	990	1040	1040	1030	1030	1071	1071
2112791	Snacks	888	15087.12	897	15240.03	888	15087.12	897	15240.03	906	15392.94	942	16004.58
2117503	Refrigerated	981	3433.5	971	3398.5	942	3297	989	3461.5	1009	3531.5	1070	3745
2127135	Baby	764	13752	764	13752	787	14166	811	14598	827	14886	893	16074
2147377	Snacks	521	4162.79	521	4162.79	516	4122.84	516	4122.84	521	4162.79	573	4578.27
2150184	International	1020	7140	1071	7497	1050	7350	1040	7280	1071	7497	1157	8099
2157657	Canned Goods	1020	10189.8	1061	10599.39	1029	10279.71	1070	10689.3	1113	11118.87	1057	10559.43
2163016	Dairy	769	13065.31	807	13710.93	791	13439.09	823	13982.77	864	14679.36	950	16140.5
2183049	Produce	89	1335	88	1320	92	1380	97	1455	101	1515	96	1440
2183121	Produce	602	11438	608	11552	632	12008	638	12122	657	12483	650	12350
2183199	Produce	457	5936.43	471	6118.29	457	5936.43	466	6053.34	475	6170.25	489	6352.11
2189794	Produce	3	47.97			3	47.97	3	47.97	3	47.97	3	47.97
2202130	Snacks	313	6181.75	329	6497.75	326	6438.5	336	6636	339	6695.25	336	6636
2209050	Produce	869	11288.31	860	11171.4	903	11729.97	930	12080.7	911	11833.89	865	11236.35
2225164	International	628	4396	609	4263	621	4347	646	4522	652	4564	665	4655
2236404	Dairy	764	573	772	579	787	590.25	771	578.25	779	584.25	763	572.25
2241315	Produce	796	15880.2	804	16039.8	828	16518.6	869	17336.55	895	17855.25	904	18034.8
2274363	Refrigerated	713	9261.87	713	9261.87	720	9352.8	706	9170.94	720	9352.8	706	9170.94
2279238	Produce	266	3189.34	266	3189.34	261	3129.39	266	3189.34	263	3153.37	255	3057.45
2281302	International	434	4335.66	438	4375.62	451	4505.49	474	4735.26	469	4685.31	516	5154.84
2295994	Refrigerated	620	10533.8	639	10856.61	620	10533.8	645	10958.55	639	10856.61	626	10635.74
2297775	Dairy	933	1856.67	924	1838.76	970	1930.3	951	1892.49	922	1834.78	996	1982.04
2315284	Snacks	858	11583	892	12042	865	11677.5	882	11907	856	11556	924	12474
2316021	Snacks	259	2069.41	272	2173.28	286	2285.14	283	2261.17	286	2285.14	289	2309.11
2327302	Sodas and Drinks	172	3094.28	170	3058.3	177	3184.23	179	3220.21	177	3184.23	179	3220.21
2327794	Produce	898	6286	943	6601	952	6664	923	6461	932	6524	979	6853
2334269	Dairy	132	2374.68	139	2500.61	136	2446.64	141	2536.59	145	2608.55	160	2878.4
2337212	International	72	1367.28	76	1443.24	74	1405.26	75	1424.25	76	1443.24	75	1424.25
2337423	Canned Goods	474	7105.26	483	7240.17	478	7165.22	473	7090.27	473	7090.27	520	7794.8
2348152	Produce	951	8511.45	999	8941.05	1029	9209.55	1019	9120.05	1060	9487	1018	9111.1
2366978	Produce	404	7979	396	7821	416	8216	404	7979	424	8374	466	9203.5
2371650	Sodas and Drinks	319	4143.81	335	4351.65	348	4520.52	348	4520.52	338	4390.62	365	4741.35
2409760	Sodas and Drinks	161	2574.39	166	2654.34	161	2574.39	164	2622.36	164	2622.36	177	2830.23
2413347	Refrigerated	33	230.67	33	230.67	33	230.67	33	230.67	34	237.66	36	251.64
2422747	Sodas and Drinks	864	10152	864	10152	881	10351.75	907	10657.25	925	10868.75	897	10539.75
2440046	Refrigerated	546	3270.54	568	3402.32	574	3438.26	591	3540.09	621	3719.79	671	4019.29
2450333	Canned Goods	292	2333.08	292	2333.08	283	2261.17	289	2309.11	292	2333.08	310	2476.9
2469090	Sodas and Drinks	561	5604.39	561	5604.39	550	5494.5	578	5774.22	595	5944.05	583	5824.17
2478520	Dairy	237	4263.63	230	4137.7	225	4047.75	223	4011.77	227	4083.73	247	4443.53
2496729	Dairy	174	3130.26	169	3040.31	167	3004.33	169	3040.31	174	3130.26	177	3184.23
2498222	Snacks	398	3562.1	410	3669.5	402	3597.9	418	3741.1	426	3812.7	469	4197.55
2512305	Produce	902	10598.5	947	11127.25	919	10798.25	947	11127.25	966	11350.5	1053	12372.75
2512732	Produce	232	3477.68	225	3372.75	218	3267.82	211	3162.89	213	3192.87	230	3447.7
2513311	Sodas and Drinks	413	7743.75	401	7518.75	393	7368.75	409	7668.75	405	7593.75	397	7443.75
2513675	Produce	1007	19133	1047	19893	1068	20292	1036	19684	1026	19494	1118	21242
2518533	Freezer	203	3349.5	213	3514.5	213	3514.5	209	3448.5	205	3382.5	213	3514.5
2524298	Sodas and Drinks	801	10404.99	777	10093.23	808	10495.92	800	10392	776	10080.24	823	10690.77
2533775	Baby	832	10400	840	10500	857	10712.5	891	11137.5	900	11250	855	10687.5
2548124	Snacks	363	4352.37	363	4352.37	367	4400.33	371	4448.29	390	4676.1	406	4867.94
2548570	Dairy	86	602	88	616	92	644	96	672	94	658	91	637
2551102	Produce	351	7020	369	7380	387	7740	387	7740	406	8120	422	8440
2557832	Snacks	204	1629.96	204	1629.96	204	1629.96	212	1693.88	206	1645.94	206	1645.94
2558392	Snacks	602	9030	608	9120	596	8940	626	9390	639	9585	690	10350
2559291	Sodas and Drinks	564	6175.8	558	6110.1	547	5989.65	569	6230.55	569	6230.55	580	6351
2574302	Freezer	207	3301.65	201	3205.95	211	3365.45	222	3540.9	224	3572.8	220	3509
2581928	Freezer	485	8240.15	504	8562.96	519	8817.81	509	8647.91	514	8732.86	493	8376.07
2582115	Canned Goods	500	8500	515	8755	515	8755	520	8840	510	8670	515	8755
2588260	Freezer	812	12171.88	804	12051.96	820	12291.8	845	12666.55	887	13296.13	852	12771.48
2592612	Freezer	714	2134.86	707	2113.93	686	2051.14	693	2072.07	679	2030.21	720	2152.8
2594379	Snacks	748	10464.52	763	10674.37	771	10786.29	810	11331.9	810	11331.9	802	11219.98
2596747	Freezer	752	6008.48	782	6248.18	805	6431.95	829	6623.71	812	6487.88	796	6360.04
2597448	International	594	3861	600	3900	594	3861	576	3744	593	3854.5	623	4049.5
2617577	Freezer	434	1731.66	438	1747.62	456	1819.44	479	1911.21	493	1967.07	508	2026.92
2623689	Dairy	814	8131.86	838	8371.62	830	8291.7	838	8371.62	838	8371.62	888	8871.12
2624251	Refrigerated	292	219	286	214.5	286	214.5	292	219	292	219	310	232.5
2633905	Produce	981	17608.95	981	17608.95	992	17806.4	1011	18147.45	991	17788.45	971	17429.45
2639077	Dairy	332	1311.4	342	1350.9	359	1418.05	363	1433.85	363	1433.85	367	1449.65
2661243	Canned Goods	99	197.01	96	191.04	101	200.99	100	199	104	206.96	100	199
2663558	Sodas and Drinks	778	6994.22	794	7138.06	834	7497.66	867	7794.33	850	7641.5	850	7641.5
2681502	Produce	72	1007.28	76	1063.24	74	1035.26	73	1021.27	72	1007.28	71	993.29
2701785	Canned Goods	612	8874	643	9323.5	675	9787.5	709	10280.5	744	10788	751	10889.5
2702099	Baby	289	1719.55	289	1719.55	298	1773.1	298	1773.1	313	1862.35	304	1808.8
2716363	Refrigerated	667	6663.33	687	6863.13	701	7002.99	729	7282.71	707	7062.93	742	7412.58
2744438	Canned Goods	34	467.5	34	467.5	34	467.5	33	453.75	33	453.75	33	453.75
2749763	Produce	452	6775.48	475	7120.25	466	6985.34	471	7060.29	476	7135.24	462	6925.38
2755920	Produce	417	412.83	434	429.66	456	451.44	465	460.35	451	446.49	469	464.31
2778927	Refrigerated	504	252	494	247	489	244.5	484	242	474	237	465	232.5
2783488	Snacks	220	1757.8	229	1829.71	229	1829.71	236	1885.64	238	1901.62	259	2069.41
2785702	Canned Goods	138	2477.1	144	2584.8	144	2584.8	147	2638.65	147	2638.65	141	2530.95
2786231	Baby	201	402	199	398	201	402	207	414	207	414	226	452
2795111	Baby	672	12062.4	652	11703.4	659	11829.05	659	11829.05	652	11703.4	659	11829.05
2795677	Produce	942	2816.58	923	2759.77	969	2897.31	959	2867.41	969	2897.31	950	2840.5
2801951	Snacks	592	1746.4	616	1817.2	628	1852.6	622	1834.9	610	1799.5	616	1817.2
2818647	Baby	128	254.72	132	262.68	136	270.64	143	284.57	147	292.53	154	306.46
2819301	Produce	822	9033.78	863	9484.37	872	9583.28	907	9967.93	889	9770.11	916	10066.84
2824504	Freezer	960	10550.4	931	10231.69	978	10748.22	1007	11066.93	997	10957.03	957	10517.43
2830334	Produce	74	740	77	770	79	790	80	800	82	820	81	810
2843874	Sodas and Drinks	392	1564.08	384	1532.16	396	1580.04	396	1580.04	384	1532.16	396	1580.04
2845857	Dairy	221	994.5	232	1044	244	1098	246	1107	244	1098	232	1044
2849105	Sodas and Drinks	446	1338	468	1404	477	1431	482	1446	482	1446	496	1488
2852349	Baby	644	3703	644	3703	650	3737.5	676	3887	676	3887	676	3887
2861841	International	82	327.18	84	335.16	88	351.12	88	351.12	86	343.14	85	339.15
2877842	Produce	681	6803.19	715	7142.85	751	7502.49	766	7652.34	774	7732.26	836	8351.64
2890848	Produce	48	815.52	48	815.52	48	815.52	50	849.5	50	849.5	48	815.52
2906955	Produce	303	3257.25	315	3386.25	324	3483	327	3515.25	334	3590.5	334	3590.5
2910709	Refrigerated	434	7790.3	425	7628.75	442	7933.9	455	8167.25	446	8005.7	433	7772.35
2920323	Snacks	255	762.45	247	738.53	249	744.51	244	729.56	239	714.61	249	744.51
2933646	Baby	478	1429.22	464	1387.36	469	1402.31	464	1387.36	459	1372.41	500	1495
2953288	Freezer	57	797.43	57	797.43	56	783.44	55	769.45	57	797.43	60	839.4
3008388	Baby	568	568	557	557	551	551	540	540	529	529	582	582
3009959	Snacks	999	4985.01	969	4835.31	940	4690.6	978	4880.22	1007	5024.93	1047	5224.53
3021763	Produce	466	927.34	457	909.43	475	945.25	461	917.39	466	927.34	489	973.11
3034662	Canned Goods	258	193.5	263	197.25	258	193.5	253	189.75	256	192	259	194.25
3057728	Produce	969	13323.75	940	12925	912	12540	939	12911.25	967	13296.25	1064	14630
3065699	Sodas and Drinks	121	240.79	117	232.83	118	234.82	119	236.81	118	234.82	124	246.76
3085976	Produce	795	15065.25	787	14913.65	826	15652.7	801	15178.95	841	15936.95	807	15292.65
3088595	Produce	214	2247	212	2226	214	2247	220	2310	220	2310	242	2541
3104682	Produce	212	2491	206	2420.5	206	2420.5	204	2397	204	2397	212	2491
3106591	Freezer	133	2520.35	132	2501.4	131	2482.45	131	2482.45	136	2577.2	132	2501.4
3124000	Produce	840	3150	882	3307.5	908	3405	953	3573.75	924	3465	942	3532.5
3129206	Produce	58	173.42	57	170.43	56	167.44	56	167.44	59	176.41	59	176.41
3130851	Produce	858	10287.42	841	10083.59	816	9783.84	857	10275.43	866	10383.34	823	9867.77
3132136	International	269	5108.31	282	5355.18	282	5355.18	285	5412.15	285	5412.15	279	5298.21
3138853	Sodas and Drinks	440	8690	444	8769	448	8848	439	8670.25	439	8670.25	430	8492.5
3140621	Produce	700	5593	714	5704.86	721	5760.79	750	5992.5	765	6112.35	734	5864.66
3148200	Refrigerated	555	6654.45	555	6654.45	566	6786.34	572	6858.28	589	7062.11	589	7062.11
3154627	Produce	944	18832.8	916	18274.2	889	17735.55	925	18453.75	897	17895.15	978	19511.1
3154811	Canned Goods	909	8135.55	927	8296.65	936	8377.2	917	8207.15	917	8207.15	945	8457.75
3158861	Sodas and Drinks	956	12428	946	12298	984	12792	1023	13299	1054	13702	1001	13013
3168247	Baby	460	1375.4	465	1390.35	484	1447.16	489	1462.11	509	1521.91	514	1536.86
3169655	Sodas and Drinks	520	5194.8	546	5454.54	541	5404.59	557	5564.43	568	5674.32	625	6243.75
3171506	Produce	395	8275.25	407	8526.65	411	8610.45	399	8359.05	391	8191.45	391	8191.45
3218107	Canned Goods	840	5871.6	848	5927.52	840	5871.6	815	5696.85	799	5585.01	815	5696.85
3222195	Produce	640	10080	659	10379.25	685	10788.75	692	10899	720	11340	770	12127.5
3229985	Freezer	175	1137.5	177	1150.5	173	1124.5	173	1124.5	178	1157	183	1189.5
3240432	Produce	228	2850	228	2850	226	2825	226	2825	235	2937.5	240	3000
3263570	Produce	270	1755	265	1722.5	260	1690	270	1755	273	1774.5	268	1742
3287237	Dairy	277	4141.15	277	4141.15	277	4141.15	280	4186	288	4305.6	314	4694.3
3287645	Canned Goods	888	12387.6	932	13001.4	923	12875.85	923	12875.85	951	13266.45	999	13936.05
3316158	Baby	607	7132.25	613	7202.75	607	7132.25	601	7061.75	601	7061.75	661	7766.75
3316183	Produce	614	2916.5	626	2973.5	632	3002	645	3063.75	645	3063.75	671	3187.25
3339397	International	579	1708.05	567	1672.65	595	1755.25	589	1737.55	601	1772.95	619	1826.05
3345821	Produce	904	18974.96	940	19730.6	940	19730.6	940	19730.6	940	19730.6	1015	21304.85
3352536	Baby	425	212.5	421	210.5	429	214.5	438	219	442	221	460	230
3357534	Snacks	416	4368	437	4588.5	441	4630.5	459	4819.5	473	4966.5	459	4819.5
3370247	Snacks	213	3780.75	209	3709.75	219	3887.25	226	4011.5	221	3922.75	243	4313.25
3391829	Dairy	911	17299.89	929	17641.71	966	18344.34	947	17983.53	994	18876.06	1054	20015.46
3406484	International	382	7636.18	371	7416.29	386	7716.14	390	7796.1	382	7636.18	386	7716.14
3416466	Baby	245	2447.55	247	2467.53	252	2517.48	247	2467.53	254	2537.46	264	2637.36
3440328	Sodas and Drinks	797	2351.15	789	2327.55	821	2421.95	805	2374.75	821	2421.95	895	2640.25
3441642	Dairy	311	2472.45	311	2472.45	311	2472.45	327	2599.65	317	2520.15	339	2695.05
3472073	International	821	15557.95	837	15861.15	870	16486.5	870	16486.5	914	17320.3	960	18192
3472436	Produce	322	5148.78	335	5356.65	348	5564.52	351	5612.49	355	5676.45	376	6012.24
3480956	Refrigerated	679	6104.21	693	6230.07	700	6293	686	6167.14	700	6293	728	6544.72
3495149	Produce	374	2805	381	2857.5	396	2970	404	3030	404	3030	420	3150
3495905	Produce	407	2442	395	2370	383	2298	391	2346	407	2442	444	2664
3507561	Refrigerated	934	8359.3	943	8439.85	943	8439.85	943	8439.85	971	8690.45	981	8779.95
3515100	Freezer	463	458.37	472	467.28	486	481.14	486	481.14	476	471.24	486	481.14
3517177	Baby	947	1846.65	966	1883.7	966	1883.7	985	1920.75	965	1881.75	936	1825.2
3517707	Refrigerated	811	16211.89	819	16371.81	827	16531.73	827	16531.73	827	16531.73	901	18010.99
3517872	Produce	851	11701.25	885	12168.75	903	12416.25	939	12911.25	920	12650	1003	13791.25
3545476	Produce	39	427.05	39	427.05	39	427.05	38	416.1	40	438	40	438
3563868	Freezer	1004	4005.96	1034	4125.66	1013	4041.87	1003	4001.97	973	3882.27	954	3806.46
3564261	Refrigerated	296	3833.2	299	3872.05	296	3833.2	305	3949.75	317	4105.15	349	4519.55
3566289	Freezer	597	5940.15	591	5880.45	603	5999.85	603	5999.85	627	6238.65	614	6109.3
3573581	Freezer	900	3150	873	3055.5	899	3146.5	944	3304	953	3335.5	934	3269
3591322	Baby	291	509.25	294	514.5	309	540.75	303	530.25	300	525	297	519.75
3593889	Snacks	28	490	27	472.5	28	490	27	472.5	26	455	28	490
3593942	Produce	61	350.75	63	362.25	65	373.75	66	379.5	65	373.75	67	385.25
3597520	Sodas and Drinks	842	14271.9	834	14136.3	809	13712.55	825	13983.75	858	14543.1	841	14254.95
3603815	Freezer	106	1372.7	108	1398.6	109	1411.55	107	1385.65	112	1450.4	111	1437.45
3616829	Refrigerated	927	2734.65	927	2734.65	908	2678.6	908	2678.6	944	2784.8	1001	2952.95
3624042	Canned Goods	706	9142.7	741	9595.95	771	9984.45	794	10282.3	810	10489.5	859	11124.05
3627013	Produce	281	278.19	287	284.13	293	290.07	290	287.1	305	301.95	311	307.89
3627628	Produce	969	2897.31	979	2927.21	969	2897.31	969	2897.31	979	2927.21	1038	3103.62
3635215	Sodas and Drinks	290	4277.5	302	4454.5	293	4321.75	293	4321.75	308	4543	323	4764.25
3654824	Sodas and Drinks	731	10226.69	760	10632.4	790	11052.1	806	11275.94	838	11723.62	880	12311.2
3669337	Produce	135	2558.25	142	2690.9	141	2671.95	138	2615.1	135	2558.25	146	2766.7
3690997	Produce	963	6731.37	953	6661.47	963	6731.37	1011	7066.89	1062	7423.38	1030	7199.7
3712435	International	89	1156.11	92	1195.08	94	1221.06	95	1234.05	99	1286.01	108	1402.92
3714581	International	423	2961	431	3017	431	3017	440	3080	440	3080	475	3325
3722512	Baby	141	415.95	138	407.1	141	415.95	148	436.6	152	448.4	160	472
3726263	Produce	644	2569.56	625	2493.75	625	2493.75	650	2593.5	683	2725.17	690	2753.1
3729850	Freezer	8	127.92	8	127.92	8	127.92	8	127.92	8	127.92	8	127.92
3733892	Sodas and Drinks	658	651.42	684	677.16	718	710.82	718	710.82	747	739.53	732	724.68
3734776	Canned Goods	568	4828	562	4777	573	4870.5	567	4819.5	578	4913	549	4666.5
3738841	Sodas and Drinks	871	8701.29	845	8441.55	845	8441.55	862	8611.38	896	8951.04	941	9400.59
3741975	International	906	4520.94	951	4745.49	961	4795.39	942	4700.58	951	4745.49	1037	5174.63
3756790	Produce	513	1282.5	528	1320	544	1360	560	1400	566	1415	589	1472.5
3761792	Snacks	583	2326.17	583	2326.17	612	2441.88	636	2537.64	623	2485.77	635	2533.65
3775303	Baby	842	1641.9	850	1657.5	859	1675.05	893	1741.35	866	1688.7	935	1823.25
3790457	Produce	494	9361.3	504	9550.8	489	9266.55	504	9550.8	514	9740.3	550	10422.5
3794263	Dairy	957	4775.43	995	4965.05	1015	5064.85	1025	5114.75	1005	5014.95	995	4965.05
3801414	Produce	985	935.75	1005	954.75	1035	983.25	1004	953.8	1054	1001.3	1128	1071.6
3810886	Produce	577	3433.15	594	3534.3	606	3605.7	624	3712.8	630	3748.5	605	3599.75
3816517	Dairy	318	632.82	315	626.85	331	658.69	348	692.52	358	712.42	351	698.49
3831074	Canned Goods	316	5988.2	316	5988.2	316	5988.2	313	5931.35	304	5760.8	331	6272.45
3859113	Sodas and Drinks	71	496.29	69	482.31	69	482.31	70	489.3	72	503.28	79	552.21
3866983	Baby	753	3727.35	791	3915.45	791	3915.45	815	4034.25	839	4153.05	805	3984.75
3868142	Produce	143	214.5	147	220.5	153	229.5	155	232.5	155	232.5	157	235.5
3889528	Canned Goods	125	2618.75	123	2576.85	123	2576.85	123	2576.85	125	2618.75	134	2807.3
3891006	Canned Goods	595	4462.5	577	4327.5	606	4545	636	4770	642	4815	693	5197.5
3893709	Canned Goods	678	8807.22	698	9067.02	691	8976.09	684	8885.16	684	8885.16	670	8703.3
3895358	Freezer	138	1649.1	139	1661.05	135	1613.25	132	1577.4	128	1529.6	140	1673
3912013	Refrigerated	828	1614.6	861	1678.95	861	1678.95	904	1762.8	949	1850.55	911	1776.45
3920209	Produce	867	16429.65	858	16259.1	884	16751.8	902	17092.9	947	17945.65	919	17415.05
3931236	Baby	393	6284.07	397	6348.03	401	6411.99	393	6284.07	397	6348.03	433	6923.67
3934845	Produce	490	4165	505	4292.5	495	4207.5	495	4207.5	485	4122.5	534	4539
3951173	Produce	295	590	310	620	316	632	332	664	342	684	352	704
3974564	Canned Goods	227	4256.25	227	4256.25	220	4125	222	4162.5	222	4162.5	240	4500
3976228	Produce	777	4654.23	816	4887.84	832	4983.68	807	4833.93	807	4833.93	888	5319.12
3981434	Snacks	487	852.25	497	869.75	522	913.5	532	931	521	911.75	563	985.25
3983023	Produce	604	11778	616	12012	598	11661	598	11661	628	12246	615	11992.5
4003897	Produce	677	1320.15	677	1320.15	657	1281.15	637	1242.15	662	1290.9	702	1368.9
4011581	International	530	7414.7	551	7708.49	562	7862.38	551	7708.49	551	7708.49	562	7862.38
4036525	International	843	9264.57	835	9176.65	843	9264.57	843	9264.57	835	9176.65	852	9363.48
4040941	Produce	662	10558.9	642	10239.9	636	10144.2	623	9936.85	611	9745.45	635	10128.25
4045892	Freezer	876	7840.2	867	7759.65	850	7607.5	850	7607.5	842	7535.9	842	7535.9
4051272	Produce	709	5664.91	730	5832.7	767	6128.33	752	6008.48	737	5888.63	803	6415.97
4058580	International	232	3013.68	225	2922.75	232	3013.68	239	3104.61	232	3013.68	223	2896.77
4059148	Snacks	398	1588.02	414	1651.86	406	1619.94	398	1588.02	414	1651.86	447	1783.53
4063029	Snacks	90	265.5	94	277.3	94	277.3	95	280.25	98	289.1	100	295
4084029	Refrigerated	949	18932.55	996	19870.2	1046	20867.7	1036	20668.2	1057	21087.15	1046	20867.7
4084564	Snacks	543	1080.57	554	1102.46	548	1090.52	570	1134.3	593	1180.07	640	1273.6
4089444	Produce	162	2349	170	2465	175	2537.5	184	2668	188	2726	186	2697
4094593	Produce	485	1450.15	500	1495	495	1480.05	485	1450.15	509	1521.91	509	1521.91
4100159	Produce	669	10670.55	702	11196.9	688	10973.6	709	11308.55	744	11866.8	796	12696.2
4115838	Baby	176	2110.24	172	2062.28	179	2146.21	174	2086.26	177	2122.23	195	2338.05
4121044	Refrigerated	701	13311.99	687	13046.13	687	13046.13	701	13311.99	687	13046.13	701	13311.99
4122191	Sodas and Drinks	396	6728.04	408	6931.92	400	6796	420	7135.8	424	7203.76	420	7135.8
4127748	Dairy	836	9990.2	836	9990.2	853	10193.35	862	10300.9	905	10814.75	905	10814.75
4132724	International	399	6763.05	391	6627.45	395	6695.25	387	6559.65	406	6881.7	418	7085.1
4132813	International	618	587.1	618	587.1	624	592.8	605	574.75	635	603.25	679	645.05
4140782	Produce	43	341.85	42	333.9	43	341.85	45	357.75	46	365.7	50	397.5
4145403	Freezer	438	8755.62	447	8935.53	460	9195.4	446	8915.54	437	8735.63	446	8915.54
4147722	Baby	893	18708.35	893	18708.35	902	18896.9	920	19274	911	19085.45	947	19839.65
4158267	Freezer	750	13462.5	728	13067.6	728	13067.6	713	12798.35	734	13175.3	734	13175.3
4161929	Dairy	932	1854.68	960	1910.4	970	1930.3	951	1892.49	999	1988.01	1029	2047.71
4170177	Freezer	103	1287.5	100	1250	105	1312.5	107	1337.5	110	1375	118	1475
4174702	Baby	44	219.56	46	229.54	45	224.55	45	224.55	47	234.53	48	239.52
4189798	Baby	699	6116.25	685	5993.75	699	6116.25	678	5932.5	685	5993.75	726	6352.5
4196635	Sodas and Drinks	776	14550	799	14981.25	815	15281.25	815	15281.25	799	14981.25	775	14531.25
4202274	Freezer	22	286	23	299	23	299	24	312	24	312	24	312
4203004	Refrigerated	587	7601.65	581	7523.95	587	7601.65	593	7679.35	605	7834.75	647	8378.65
4209676	Snacks	309	305.91	324	320.76	340	336.6	340	336.6	337	333.63	371	367.29
4213410	International	50	347.5	51	354.45	54	375.3	56	389.2	55	382.25	57	396.15
4222295	Refrigerated	344	3780.56	344	3780.56	341	3747.59	344	3780.56	358	3934.42	340	3736.6
4224946	Produce	133	1057.35	136	1081.2	143	1136.85	150	1192.5	155	1232.25	169	1343.55
4232694	International	374	3736.26	374	3736.26	370	3696.3	381	3806.19	370	3696.3	377	3766.23
4234638	Refrigerated	91	1547	89	1513	91	1547	89	1513	90	1530	97	1649
4237763	International	578	10398.22	590	10614.1	608	10937.92	608	10937.92	608	10937.92	626	11261.74
4238594	Sodas and Drinks	707	14811.65	735	15398.25	728	15251.6	750	15712.5	750	15712.5	728	15251.6
4279810	Produce	212	2753.88	206	2675.94	216	2805.84	216	2805.84	218	2831.82	207	2688.93
4301178	Baby	343	2397.57	333	2327.67	340	2376.6	330	2306.7	337	2355.63	357	2495.43
4302198	Refrigerated	84	1259.16	85	1274.15	87	1304.13	88	1319.12	91	1364.09	91	1364.09
4302561	Produce	927	4171.5	918	4131	964	4338	983	4423.5	963	4333.5	992	4464
4303287	Dairy	923	14758.77	914	14614.86	951	15206.49	989	15814.11	969	15494.31	988	15798.12
4309596	Produce	1002	6963.9	972	6755.4	1021	7095.95	1001	6956.95	1021	7095.95	970	6741.5
4311326	Snacks	54	783	54	783	56	812	57	826.5	56	812	56	812
4333636	Dairy	280	3906	283	3947.85	275	3836.25	286	3989.7	277	3864.15	274	3822.3
4337509	Produce	858	17589	901	18470.5	937	19208.5	928	19024	965	19782.5	1013	20766.5
4339393	Refrigerated	857	6856	840	6720	865	6920	908	7264	917	7336	963	7704
4339736	Produce	322	885.5	319	877.25	329	904.75	336	924	343	943.25	357	981.75
4344080	Canned Goods	521	3516.75	542	3658.5	526	3550.5	547	3692.25	569	3840.75	541	3651.75
4345378	International	29	173.71	30	179.7	31	185.69	33	197.67	34	203.66	34	203.66
4348156	Baby	126	2392.74	122	2316.78	121	2297.79	119	2259.81	115	2183.85	123	2335.77
4352694	Freezer	163	3260	166	3320	174	3480	183	3660	192	3840	207	4140
4375300	Sodas and Drinks	917	18110.75	945	18663.75	983	19414.25	954	18841.5	973	19216.75	1031	20362.25
4378870	Canned Goods	257	1015.15	265	1046.75	273	1078.35	284	1121.8	295	1165.25	325	1283.75
4381045	Baby	771	7671.45	794	7900.3	794	7900.3	786	7820.7	778	7741.1	755	7512.25
4393071	Canned Goods	535	6393.25	551	6584.45	557	6656.15	540	6453	529	6321.55	571	6823.45
4403142	Baby	679	3388.21	713	3557.87	727	3627.73	749	3737.51	764	3812.36	741	3697.59
4403292	Canned Goods	919	12856.81	947	13248.53	947	13248.53	975	13640.25	1024	14325.76	1024	14325.76
4406083	Dairy	377	282.75	381	285.75	381	285.75	373	279.75	366	274.5	399	299.25
4408422	Dairy	799	15141.05	791	14989.45	823	15595.85	815	15444.25	815	15444.25	782	14818.9
4418496	Produce	526	5523	552	5796	569	5974.5	586	6153	568	5964	557	5848.5
4439397	Produce	598	598	586	586	604	604	622	622	622	622	628	628
4448602	Dairy	506	6451.5	506	6451.5	516	6579	521	6642.75	505	6438.75	525	6693.75
4465697	Dairy	147	286.65	147	286.65	148	288.6	154	300.3	156	304.2	162	315.9
4470230	Canned Goods	907	2711.93	934	2792.66	962	2876.38	1010	3019.9	990	2960.1	1030	3079.7
4472978	International	165	2763.75	170	2847.5	170	2847.5	168	2814	173	2897.75	190	3182.5
4484016	International	74	887.26	75	899.25	74	887.26	72	863.28	73	875.27	73	875.27
4485079	Sodas and Drinks	956	11462.44	946	11342.54	974	11678.26	1023	12265.77	992	11894.08	1012	12133.88
4491756	Sodas and Drinks	492	3439.08	487	3404.13	506	3536.94	516	3606.84	531	3711.69	584	4082.16
4492252	Produce	47	234.53	47	234.53	46	229.54	47	234.53	49	244.51	47	234.53
4493453	Canned Goods	447	6235.65	434	6054.3	425	5928.75	412	5747.4	412	5747.4	416	5803.2
4495293	Produce	180	1431	182	1446.9	184	1462.8	193	1534.35	197	1566.15	191	1518.45
4511960	Freezer	442	2647.58	455	2725.45	441	2641.59	450	2695.5	450	2695.5	455	2725.45
4533636	Dairy	547	5989.65	569	6230.55	586	6416.7	574	6285.3	603	6602.85	663	7259.85
4534717	Snacks	863	2589	863	2589	837	2511	829	2487	870	2610	835	2505
4546134	Produce	443	4319.25	456	4446	474	4621.5	460	4485	478	4660.5	492	4797
4549712	Freezer	20	119	21	124.95	22	130.9	22	130.9	22	130.9	23	136.85
4556793	Produce	57	341.43	56	335.44	58	347.42	56	335.44	55	329.45	60	359.4
4560280	Dairy	4	27.96	4	27.96	4	27.96	4	27.96	4	27.96	4	27.96
4560280	Dairy	615	3044.25	603	2984.85	597	2955.15	609	3014.55	597	2955.15	597	2955.15
4560280	Produce	678	3356.1	658	3257.1	671	3321.45	678	3356.1	658	2960.1	632	2840.2
4562445	Canned Goods	897	17931.03	870	17391.3	844	16871.56	878	17551.22	922	18430.78	1014	20269.86
4564119	Produce	713	10659.35	706	10554.7	734	10973.3	741	11077.95	726	10853.7	748	11182.6
4575511	Snacks	566	8490	560	8400	571	8565	560	8400	566	8490	538	8070
4590468	Produce	564	2250.36	575	2294.25	581	2318.19	610	2433.9	592	2362.08	628	2505.72
4617651	Produce	410	5719.5	402	5607.9	402	5607.9	402	5607.9	406	5663.7	398	5552.1
4625821	Snacks	550	3272.5	561	3337.95	567	3373.65	584	3474.8	578	3439.1	590	3510.5
4633295	International	585	6990.75	597	7134.15	627	7492.65	640	7648	672	8030.4	719	8592.05
4641888	Refrigerated	929	1393.5	957	1435.5	947	1420.5	985	1477.5	975	1462.5	1024	1536
4674424	Sodas and Drinks	764	12980.36	741	12589.59	719	12215.81	733	12453.67	733	12453.67	792	13456.08
4681583	Refrigerated	635	9493.25	629	9403.55	642	9597.9	655	9792.25	681	10180.95	688	10285.6
4686878	Dairy	179	2504.21	175	2448.25	180	2518.2	175	2448.25	182	2546.18	197	2756.03
4699498	Canned Goods	881	14096	890	14240	935	14960	963	15408	963	15408	953	15248
4711098	Sodas and Drinks	866	12115.34	875	12241.25	901	12604.99	937	13108.63	946	13234.54	918	12842.82
4711901	Canned Goods	562	9548.38	562	9548.38	551	9361.49	557	9463.43	540	9174.6	518	8800.82
4713660	Produce	1035	9056.25	1087	9511.25	1087	9511.25	1054	9222.5	1022	8942.5	971	8496.25
4714411	Produce	791	3947.09	783	3907.17	806	4021.94	830	4141.7	813	4056.87	805	4016.95
4715687	Dairy	473	9460	459	9180	482	9640	492	9840	517	10340	507	10140
4730964	Produce	699	12547.05	706	12672.7	720	12924	720	12924	698	12529.1	740	13283
4739085	Produce	464	4171.36	464	4171.36	473	4252.27	482	4333.18	468	4207.32	505	4539.95
4743567	Canned Goods	332	2984.68	339	3047.61	356	3200.44	352	3164.48	359	3227.41	363	3263.37
4750037	Refrigerated	319	3174.05	316	3144.2	316	3144.2	325	3233.75	338	3363.1	358	3562.1
4787327	Sodas and Drinks	524	6812	519	6747	524	6812	534	6942	534	6942	545	7085
4789209	Baby	902	8974.9	911	9064.45	893	8885.35	902	8974.9	875	8706.25	910	9054.5
4810004	Canned Goods	640	1273.6	659	1311.41	692	1377.08	678	1349.22	685	1363.15	747	1486.53
4810153	Baby	128	1534.72	125	1498.75	130	1558.7	129	1546.71	133	1594.67	136	1630.64
4814887	Freezer	781	741.95	820	779	804	763.8	828	786.6	845	802.75	853	810.35
4815972	Sodas and Drinks	676	12675	669	12543.75	702	13162.5	723	13556.25	759	14231.25	827	15506.25
4819805	Canned Goods	594	1182.06	582	1158.18	611	1215.89	635	1263.65	660	1313.4	700	1393
4837539	Produce	545	7624.55	540	7554.6	545	7624.55	545	7624.55	561	7848.39	595	8324.05
4852818	International	134	1338.66	134	1338.66	138	1378.62	137	1368.63	134	1338.66	129	1288.71
4852874	Canned Goods	217	2167.83	217	2167.83	213	2127.87	222	2217.78	226	2257.74	233	2327.67
4858615	Dairy	978	7824	978	7824	988	7904	1037	8296	1016	8128	1016	8128
4868018	Produce	367	1816.65	382	1890.9	378	1871.1	378	1871.1	389	1925.55	420	2079
4871733	Dairy	830	2481.7	847	2532.53	872	2607.28	863	2580.37	863	2580.37	863	2580.37
4871833	Refrigerated	844	5899.56	827	5780.73	819	5724.81	860	6011.4	860	6011.4	903	6311.97
4882891	Produce	1	19.95	1	19.95	1	19.95	1	19.95	1	19.95	1	19.95
4884598	Sodas and Drinks	728	13795.6	757	14345.15	749	14193.55	764	14477.8	772	14629.4	849	16088.55
4889176	Refrigerated	791	3156.09	799	3188.01	831	3315.69	864	3447.36	907	3618.93	989	3946.11
4894522	Snacks	870	15225	896	15680	887	15522.5	896	15680	941	16467.5	1026	17955
4917428	Sodas and Drinks	776	15132	784	15288	808	15756	848	16536	823	16048.5	905	17647.5
4922561	Produce	1008	17125.92	988	16786.12	958	16276.42	977	16599.23	957	16259.43	957	16259.43
4926599	Produce	284	5822	290	5945	305	6252.5	296	6068	290	5945	278	5699
4949310	Produce	304	4860.96	313	5004.87	326	5212.74	316	5052.84	313	5004.87	307	4908.93
4961764	Dairy	237	4266	239	4302	239	4302	246	4428	239	4302	239	4302
4979457	Dairy	104	1558.96	107	1603.93	105	1573.95	103	1543.97	104	1558.96	100	1499
4990491	Dairy	89	1152.55	88	1139.6	87	1126.65	88	1139.6	92	1191.4	101	1307.95
4999469	Refrigerated	488	2923.12	508	3042.92	493	2953.07	503	3012.97	513	3072.87	498	2983.02
5015337	Canned Goods	813	2430.87	837	2502.63	829	2478.71	854	2553.46	888	2655.12	844	2523.56
5018472	Baby	940	2810.6	912	2726.88	948	2834.52	976	2918.24	956	2858.44	956	2858.44
5020716	Freezer	146	284.7	150	292.5	156	304.2	151	294.45	159	310.05	172	335.4
5020796	Sodas and Drinks	540	513	567	538.65	584	554.8	566	537.7	589	559.55	648	615.6
5031830	Produce	695	5553.05	681	5441.19	715	5712.85	701	5600.99	694	5545.06	708	5656.92
5047917	Baby	237	4737.63	249	4977.51	261	5217.39	258	5157.42	255	5097.45	265	5297.35
5049237	Canned Goods	378	4725	378	4725	393	4912.5	401	5012.5	393	4912.5	397	4962.5
5052617	Refrigerated	784	11368	800	11600	840	12180	815	11817.5	856	12412	890	12905
5055409	Dairy	233	2097	231	2079	229	2061	231	2079	238	2142	245	2205
5063847	Produce	4	63.96	4	63.96	4	63.96	4	63.96	4	63.96	4	63.96
5066168	Produce	608	12761.92	608	12761.92	596	12510.04	578	12132.22	601	12614.99	613	12866.87
5073191	Refrigerated	293	583.07	308	612.92	320	636.8	326	648.74	342	680.58	359	714.41
5073578	Snacks	864	17280	907	18140	925	18500	925	18500	916	18320	998	19960
5073949	Produce	823	9867.77	823	9867.77	815	9771.85	839	10059.61	822	9855.78	863	10347.37
5083511	Baby	37	73.63	36	71.64	36	71.64	36	71.64	36	71.64	39	77.61
5085330	Baby	704	7032.96	711	7102.89	747	7462.53	784	7832.16	800	7992	856	8551.44
5104923	Produce	43	645	45	675	47	705	46	690	46	690	48	720
5117335	Produce	800	4600	792	4554	784	4508	768	4416	768	4416	814	4680.5
5121504	Canned Goods	180	2518.2	185	2588.15	194	2714.06	202	2825.98	204	2853.96	214	2993.86
5128687	Dairy	245	5132.75	240	5028	252	5279.4	255	5342.25	252	5279.4	255	5342.25
5130129	Produce	47	561.65	49	585.55	50	597.5	50	597.5	52	621.4	53	633.35
5132734	Sodas and Drinks	17	127.5	17	127.5	17	127.5	18	135	18	135	19	142.5
5142314	Baby	748	3702.6	778	3851.1	786	3890.7	762	3771.9	739	3658.05	732	3623.4
5144279	Produce	608	8505.92	620	8673.8	651	9107.49	658	9205.42	638	8925.62	670	9373.3
5159717	Produce	961	5525.75	1009	5801.75	1049	6031.75	1080	6210	1112	6394	1223	7032.25
5161692	Freezer	891	6237	918	6426	909	6363	927	6489	936	6552	992	6944
5178271	Freezer	428	834.6	419	817.05	419	817.05	436	850.2	453	883.35	462	900.9
5179363	Produce	481	6012.5	486	6075	486	6075	486	6075	505	6312.5	490	6125
5191244	Snacks	246	1955.7	258	2051.1	263	2090.85	266	2114.7	279	2218.05	282	2241.9
5191851	Dairy	586	9932.7	615	10424.25	640	10848	659	11170.05	666	11288.7	726	12305.7
5195877	Baby	393	3831.75	409	3987.75	397	3870.75	405	3948.75	417	4065.75	438	4270.5
5204618	Baby	188	2434.6	190	2460.5	198	2564.1	206	2667.7	212	2745.4	212	2745.4
5220194	Refrigerated	960	13392	998	13922.1	988	13782.6	958	13364.1	939	13099.05	920	12834
5223074	Produce	168	966	166	954.5	164	943	167	960.25	175	1006.25	193	1109.75
5227484	Freezer	929	7199.75	948	7347	957	7416.75	976	7564	1025	7943.75	1015	7866.25
5229384	Canned Goods	172	1978	181	2081.5	190	2185	194	2231	202	2323	204	2346
5235025	Dairy	91	268.45	92	271.4	94	277.3	91	268.45	95	280.25	99	292.05
5252279	Dairy	658	10495.1	645	10287.75	664	10590.8	664	10590.8	664	10590.8	704	11228.8
5257272	Freezer	570	564.3	570	564.3	553	547.47	553	547.47	575	569.25	598	592.02
5261606	Baby	224	3528	224	3528	231	3638.25	224	3528	228	3591	242	3811.5
5271450	Produce	82	323.9	80	316	82	323.9	80	316	80	316	82	323.9
5272601	Sodas and Drinks	454	3405	445	3337.5	454	3405	477	3577.5	491	3682.5	491	3682.5
5275868	International	1027	4097.73	1037	4137.63	1068	4261.32	1100	4389	1100	4389	1177	4696.23
5285421	International	170	2295	167	2254.5	172	2322	167	2254.5	170	2295	172	2322
5289756	Produce	926	16621.7	972	17447.4	962	17267.9	962	17267.9	1000	17950	1070	19206.5
5296809	Refrigerated	122	974.78	128	1022.72	134	1070.66	139	1110.61	145	1158.55	160	1278.4
5299896	Produce	699	2761.05	734	2899.3	734	2899.3	719	2840.05	705	2784.75	691	2729.45
5306602	Sodas and Drinks	143	2002	142	1988	142	1988	143	2002	147	2058	148	2072
5315572	Dairy	854	6823.46	897	7167.03	870	6951.3	887	7087.13	914	7302.86	978	7814.22
5316039	Freezer	884	11483.16	884	11483.16	893	11600.07	938	12184.62	957	12431.43	967	12561.33
5318539	Produce	107	640.93	110	658.9	107	640.93	105	628.95	102	610.98	109	652.91
5328102	Produce	500	7475	525	7848.75	515	7699.25	530	7923.5	535	7998.25	589	8805.55
5331706	Produce	570	8521.5	593	8865.35	611	9134.45	623	9313.85	611	9134.45	617	9224.15
5341469	International	500	7375	510	7522.5	530	7817.5	546	8053.5	551	8127.25	595	8776.25
5342957	Refrigerated	48	767.52	49	783.51	51	815.49	53	847.47	54	863.46	59	943.41
5344702	Dairy	93	906.75	96	936	101	984.75	99	965.25	99	965.25	107	1043.25
5345258	Snacks	561	2238.39	578	2306.22	607	2421.93	613	2445.87	607	2421.93	662	2641.38
5347870	International	94	93.06	94	93.06	94	93.06	94	93.06	99	98.01	105	103.95
5357940	Dairy	692	13148	671	12749	658	12502	658	12502	658	12502	638	12122
5362073	Produce	352	3868.48	366	4022.34	384	4220.16	372	4088.28	379	4165.21	409	4494.91
5367107	Produce	74	1254.3	78	1322.1	77	1305.15	75	1271.25	76	1288.2	76	1288.2
5372618	International	64	752	67	787.25	67	787.25	69	810.75	68	799	69	810.75
5373196	Refrigerated	34	646	34	646	34	646	35	665	36	684	38	722
5378113	Produce	347	6593	350	6650	343	6517	357	6783	375	7125	368	6992
5389962	Produce	821	812.79	829	820.71	846	837.54	871	862.29	906	896.94	997	987.03
5394871	Dairy	177	2823.15	184	2934.8	188	2998.6	196	3126.2	204	3253.8	200	3190
5404827	Canned Goods	915	13715.85	933	13985.67	961	14405.39	971	14555.29	981	14705.19	1001	15004.99
5410802	Refrigerated	877	17531.23	859	17171.41	893	17851.07	875	17491.25	884	17671.16	857	17131.43
5423696	Produce	345	2052.75	335	1993.25	348	2070.6	348	2070.6	355	2112.25	344	2046.8
5428362	Dairy	466	2772.7	461	2742.95	484	2879.8	469	2790.55	488	2903.6	473	2814.35
5467327	Produce	114	2388.3	115	2409.25	118	2472.1	114	2388.3	119	2493.05	126	2639.7
5491065	Produce	763	8393	740	8140	762	8382	754	8294	762	8382	762	8382
5493671	Snacks	927	12968.73	955	13360.45	993	13892.07	983	13752.17	1012	14157.88	992	13878.08
5496631	Baby	127	1136.65	127	1136.65	124	1109.8	128	1145.6	124	1109.8	123	1100.85
5506654	Sodas and Drinks	1007	12587.5	1057	13212.5	1110	13875	1143	14287.5	1120	14000	1064	13300
5508919	Baby	670	9380	704	9856	732	10248	710	9940	696	9744	696	9744
5510581	Produce	361	1805	379	1895	375	1875	383	1915	375	1875	368	1840
5514498	Canned Goods	653	326.5	666	333	646	323	627	313.5	646	323	672	336
5535273	Produce	232	1380.4	225	1338.75	232	1380.4	237	1410.15	235	1398.25	259	1541.05
5541387	Baby	500	9495	485	9210.15	500	9495	520	9874.8	525	9969.75	520	9874.8
5546702	Baby	1008	13093.92	1048	13613.52	1038	13483.62	1017	13210.83	986	12808.14	996	12938.04
5549940	Dairy	871	10443.29	880	10551.2	854	10239.46	888	10647.12	932	11174.68	932	11174.68
5551735	Canned Goods	765	3786.75	803	3974.85	795	3935.25	811	4014.45	852	4217.4	895	4430.25
5552498	Sodas and Drinks	488	2415.6	493	2440.35	493	2440.35	513	2539.35	513	2539.35	492	2435.4
5557352	Baby	924	18018	924	18018	906	17667	933	18193.5	952	18564	962	18759
5557374	Freezer	541	1617.59	541	1617.59	568	1698.32	596	1782.04	620	1853.8	601	1796.99
5598220	Canned Goods	912	4560	930	4650	930	4650	958	4790	929	4645	920	4600
5599954	Sodas and Drinks	366	2177.7	381	2266.95	381	2266.95	370	2201.5	366	2177.7	366	2177.7
5612670	Refrigerated	264	3682.8	277	3864.15	271	3780.45	266	3710.7	277	3864.15	263	3668.85
5613361	Produce	282	1971.18	276	1929.24	279	1950.21	276	1929.24	284	1985.16	284	1985.16
5620254	Freezer	803	7989.85	811	8069.45	795	7910.25	835	8308.25	868	8636.6	929	9243.55
5637472	Baby	17	118.83	16	111.84	16	111.84	16	111.84	17	118.83	17	118.83
5639831	International	756	6796.44	741	6661.59	741	6661.59	756	6796.44	756	6796.44	786	7066.14
5640760	Snacks	695	6915.25	695	6915.25	674	6706.3	701	6974.95	680	6766	660	6567
5681184	Refrigerated	599	6583.01	599	6583.01	581	6385.19	598	6572.02	604	6637.96	604	6637.96
5683210	Snacks	614	4291.86	639	4466.61	639	4466.61	626	4375.74	620	4333.8	626	4375.74
5684126	Snacks	701	14713.99	701	14713.99	708	14860.92	729	15301.71	758	15910.42	720	15112.8
5692689	Canned Goods	856	7661.2	865	7741.75	865	7741.75	839	7509.05	831	7437.45	881	7884.95
5703857	Refrigerated	25	374.75	26	389.74	27	404.73	26	389.74	26	389.74	27	404.73
5707628	Freezer	212	2915	220	3025	218	2997.5	227	3121.25	234	3217.5	241	3313.75
5730555	International	621	6178.95	609	6059.55	633	6298.35	620	6169	626	6228.7	676	6726.2
5746623	Refrigerated	477	477	472	472	467	467	490	490	500	500	495	495
5794480	Refrigerated	946	16034.7	927	15712.65	908	15390.6	899	15238.05	944	16000.8	897	15204.15
5802798	Produce	987	12584.25	977	12456.75	948	12087	939	11972.25	977	12456.75	938	11959.5
5842223	Produce	67	33.5	68	34	67	33.5	66	33	69	34.5	68	34
5842384	Freezer	308	4924.92	308	4924.92	314	5020.86	308	4924.92	305	4876.95	323	5164.77
5845019	Dairy	526	4202.74	526	4202.74	537	4290.63	558	4458.42	558	4458.42	569	4546.31
5848962	Freezer	399	5582.01	411	5749.89	432	6043.68	419	5861.81	419	5861.81	411	5749.89
5852852	Sodas and Drinks	634	12039.66	628	11925.72	647	12286.53	641	12172.59	628	11925.72	641	12172.59
5862554	Freezer	467	9802.33	486	10201.14	496	10411.04	511	10725.89	501	10515.99	506	10620.94
5865188	Sodas and Drinks	934	15411	934	15411	934	15411	915	15097.5	924	15246	924	15246
5876693	Refrigerated	226	2248.7	235	2338.25	242	2407.9	252	2507.4	255	2537.25	250	2487.5
5882365	Sodas and Drinks	1008	11037.6	1018	11147.1	1028	11256.6	1049	11486.55	1049	11486.55	1028	11256.6
5901044	Produce	100	1999	101	2018.99	99	1979.01	104	2078.96	103	2058.97	107	2138.93
5902837	Snacks	860	14611.4	903	15341.97	939	15953.61	958	16276.42	977	16599.23	1045	17754.55
5915110	Produce	79	1105.21	81	1133.19	79	1105.21	80	1119.2	78	1091.22	74	1035.26
5922375	Dairy	19	303.81	19	303.81	19	303.81	18	287.82	18	287.82	18	287.82
5929631	Produce	441	7474.95	441	7474.95	437	7407.15	459	7780.05	445	7542.75	458	7763.1
5936627	Snacks	685	1363.15	664	1321.36	684	1361.16	677	1347.23	657	1307.43	716	1424.84
5943627	Produce	553	9677.5	581	10167.5	598	10465	628	10990	628	10990	678	11865
5946741	Produce	471	1408.29	476	1423.24	481	1438.19	476	1423.24	495	1480.05	485	1450.15
5948799	Sodas and Drinks	430	7718.5	434	7790.3	425	7628.75	425	7628.75	438	7862.1	429	7700.55
5960736	Baby	422	3793.78	430	3865.7	452	4063.48	452	4063.48	470	4225.3	503	4521.97
5960998	Produce	631	11351.69	625	11243.75	613	11027.87	638	11477.62	651	11711.49	697	12539.03
5962166	Canned Goods	334	6008.66	324	5828.76	318	5720.82	315	5666.85	309	5558.91	318	5720.82
5975968	International	57	655.5	58	667	59	678.5	61	701.5	63	724.5	64	736
5980722	Baby	643	8969.85	624	8704.8	643	8969.85	662	9234.9	675	9416.25	689	9611.55
5992350	Canned Goods	53	794.47	52	779.48	54	809.46	56	839.44	54	809.46	55	824.45
6008597	Produce	615	12761.25	646	13404.5	678	14068.5	692	14359	685	14213.75	712	14774
6010275	Baby	9	170.55	9	170.55	9	170.55	9	170.55	9	170.55	10	189.5
6017460	Refrigerated	239	2148.61	237	2130.63	244	2193.56	246	2211.54	241	2166.59	251	2256.49
6020318	Produce	914	16406.3	905	16244.75	905	16244.75	905	16244.75	932	16729.4	885	15885.75
6029073	Snacks	692	4837.08	727	5081.73	705	4927.95	705	4927.95	733	5123.67	755	5277.45
6034244	Snacks	678	678	692	692	720	720	720	720	742	742	749	749
6047515	Dairy	422	4620.9	439	4807.05	443	4850.85	461	5047.95	475	5201.25	494	5409.3
6050202	Freezer	326	5525.7	329	5576.55	322	5457.9	316	5356.2	316	5356.2	316	5356.2
6052074	Freezer	790	2172.5	830	2282.5	805	2213.75	781	2147.75	789	2169.75	750	2062.5
6070737	Snacks	552	2754.48	546	2724.54	568	2834.32	551	2749.49	579	2889.21	579	2889.21
6085085	Dairy	633	4424.67	614	4291.86	620	4333.8	632	4417.68	657	4592.43	716	5004.84
6086352	Dairy	411	3283.89	432	3451.68	454	3627.46	440	3515.6	427	3411.73	453	3619.47
6090826	Freezer	840	13398	832	13270.4	865	13796.75	882	14067.9	926	14769.7	963	15359.85
6136113	Refrigerated	412	8240	400	8000	396	7920	408	8160	404	8080	416	8320
6141304	Dairy	687	12331.65	694	12457.3	694	12457.3	673	12080.35	660	11847	680	12206
6148160	Produce	880	16280	889	16446.5	916	16946	898	16613	943	17445.5	934	17279
6179237	Refrigerated	679	11203.5	693	11434.5	700	11550	721	11896.5	699	11533.5	664	10956
6190046	Produce	489	6821.55	484	6751.8	489	6821.55	489	6821.55	504	7030.8	479	6682.05
6201011	Canned Goods	478	3322.1	502	3488.9	517	3593.15	512	3558.4	527	3662.65	511	3551.45
6205149	Sodas and Drinks	413	2870.35	421	2925.95	434	3016.3	430	2988.5	417	2898.15	455	3162.25
6222265	Sodas and Drinks	497	2977.03	497	2977.03	502	3006.98	527	3156.73	538	3222.62	576	3450.24
6257881	Freezer	34	270.3	35	278.25	37	294.15	38	302.1	38	302.1	37	294.15
6263308	Snacks	484	1815	479	1796.25	489	1833.75	494	1852.5	489	1833.75	465	1743.75
6266473	Baby	610	8235	604	8154	628	8478	647	8734.5	660	8910	634	8559
6276165	Baby	843	5892.57	851	5948.49	825	5766.75	858	5997.42	892	6235.08	963	6731.37
6286838	Refrigerated	597	567.15	591	561.45	579	550.05	573	544.35	596	566.2	644	611.8
6289082	Produce	121	2171.95	117	2100.15	119	2136.05	119	2136.05	124	2225.8	126	2261.7
6297738	Freezer	64	480	63	472.5	62	465	61	457.5	61	457.5	58	435
6306551	Snacks	541	5680.5	552	5796	558	5859	552	5796	563	5911.5	597	6268.5
6325806	Produce	217	3580.5	226	3729	231	3811.5	226	3729	233	3844.5	226	3729
6335429	Dairy	826	14868	851	15318	868	15624	859	15462	868	15624	894	16092
6368704	Canned Goods	208	3640	202	3535	212	3710	212	3710	212	3710	216	3780
6386635	Sodas and Drinks	437	1092.5	454	1135	454	1135	445	1112.5	454	1135	490	1225
6391957	Produce	173	692	168	672	165	660	172	688	174	696	183	732
6392347	International	258	1287.42	253	1262.47	248	1237.52	253	1262.47	253	1262.47	276	1377.24
6399593	Snacks	17	186.15	17	186.15	18	197.1	19	208.05	19	208.05	19	208.05
6419678	Freezer	282	843.18	285	852.15	299	894.01	299	894.01	290	867.1	287	858.13
6422206	Produce	45	449.55	45	449.55	44	439.56	44	439.56	44	439.56	46	459.54
6426008	Produce	935	6535.65	944	6598.56	935	6535.65	982	6864.18	1031	7206.69	1093	7640.07
6450543	Produce	167	666.33	172	686.28	174	694.26	176	702.24	171	682.29	185	738.15
6458549	Produce	202	1815.98	204	1833.96	202	1815.98	206	1851.94	210	1887.9	225	2022.75
6463233	Freezer	380	4180	376	4136	387	4257	399	4389	415	4565	432	4752
6479211	Produce	534	528.66	539	533.61	544	538.56	549	543.51	544	538.56	598	592.02
6487586	International	274	1233	274	1233	269	1210.5	280	1260	294	1323	323	1453.5
6493425	International	355	3550	351	3510	344	3440	358	3580	372	3720	409	4090
6504784	Produce	385	5370.75	381	5314.95	381	5314.95	373	5203.35	380	5301	376	5245.2
6523139	Produce	373	742.27	373	742.27	380	756.2	384	764.16	384	764.16	388	772.12
6539630	Produce	70	1452.5	72	1494	75	1556.25	74	1535.5	77	1597.75	77	1597.75
6540375	Snacks	553	5391.75	564	5499	547	5333.25	531	5177.25	520	5070	572	5577
6548967	Freezer	939	15014.61	930	14870.7	921	14726.79	939	15014.61	986	15766.14	956	15286.44
6549472	Produce	276	4689.24	284	4825.16	281	4774.19	289	4910.11	295	5012.05	286	4859.14
6556112	Dairy	60	1199.4	58	1159.42	59	1179.41	58	1159.42	57	1139.43	63	1259.37
6558220	Baby	876	11344.2	894	11577.3	930	12043.5	977	12652.15	1026	13286.7	1057	13688.15
6570961	Produce	146	584	150	600	153	612	151	604	154	616	159	636
6580345	Freezer	795	2345.25	835	2463.25	852	2513.4	843	2486.85	860	2537	937	2764.15
6585928	Snacks	867	2592.33	867	2592.33	884	2643.16	902	2696.98	920	2750.8	1003	2998.97
6594517	Produce	690	10343.1	704	10552.96	725	10867.75	754	11302.46	754	11302.46	829	12426.71
6594684	International	380	7201	388	7352.6	384	7276.8	388	7352.6	407	7712.65	403	7636.85
6594747	Baby	276	549.24	276	549.24	279	555.21	285	567.15	276	549.24	273	543.27
6613061	Baby	97	92.15	99	94.05	101	95.95	99	94.05	97	92.15	104	98.8
6620954	Dairy	900	15750	891	15592.5	900	15750	873	15277.5	917	16047.5	1009	17657.5
6626065	Canned Goods	564	10710.36	547	10387.53	531	10083.69	558	10596.42	541	10273.59	568	10786.32
6632858	Produce	746	11152.7	776	11601.2	760	11362	768	11481.6	783	11705.85	767	11466.65
6635576	Canned Goods	418	1667.82	435	1735.65	422	1683.78	426	1699.74	447	1783.53	434	1731.66
6637559	Refrigerated	751	3567.25	759	3605.25	751	3567.25	766	3638.5	804	3819	812	3857
6644581	Produce	134	668.66	131	653.69	135	673.65	134	668.66	137	683.63	137	683.63
6646457	Produce	541	4300.95	536	4261.2	536	4261.2	547	4348.65	536	4261.2	563	4475.85
6646903	Produce	596	6526.2	590	6460.5	614	6723.3	614	6723.3	596	6526.2	572	6263.4
6651099	Produce	610	6703.9	598	6572.02	622	6835.78	628	6901.72	641	7044.59	667	7330.33
6659172	Produce	762	12946.38	800	13592	840	14271.6	840	14271.6	848	14407.52	856	14543.44
6662019	Produce	825	16491.75	817	16331.83	809	16171.91	825	16491.75	866	17311.34	866	17311.34
6666714	Produce	583	7573.17	612	7949.88	624	8105.76	643	8352.57	630	8183.7	687	8924.13
6687730	Refrigerated	387	5031	379	4927	390	5070	402	5226	394	5122	390	5070
6708995	Produce	311	295.45	314	298.3	308	292.6	311	295.45	305	289.75	299	284.05
6714275	Produce	118	702.1	120	714	116	690.2	114	678.3	117	696.15	113	672.35
6743711	International	742	10380.58	742	10380.58	764	10688.36	787	11010.13	787	11010.13	842	11779.58
6747050	Produce	964	11327	964	11327	964	11327	945	11103.75	973	11432.75	1051	12349.25
6765455	Produce	163	3258.37	165	3298.35	160	3198.4	163	3258.37	165	3298.35	180	3598.2
6783566	Snacks	276	1377.24	290	1447.1	284	1417.16	293	1462.07	305	1521.95	308	1536.92
6786952	Produce	570	11964.3	576	12090.24	582	12216.18	588	12342.12	612	12845.88	581	12195.19
6793336	Baby	394	6895	406	7105	410	7175	398	6965	402	7035	434	7595
6796562	Dairy	858	6435	892	6690	919	6892.5	928	6960	937	7027.5	890	6675
6799399	Produce	730	13103.5	737	13229.15	730	13103.5	715	12834.25	751	13480.45	759	13624.05
6813480	Sodas and Drinks	237	1893.63	244	1949.56	254	2029.46	254	2029.46	246	1965.54	258	2061.42
6816098	Produce	469	7499.31	469	7499.31	455	7275.45	473	7563.27	478	7643.22	497	7947.03
6818010	Produce	305	606.95	311	618.89	311	618.89	308	612.92	323	642.77	342	680.58
6841800	Baby	100	899	97	872.03	97	872.03	102	916.98	104	934.96	110	988.9
6847032	Baby	808	1607.92	848	1687.52	848	1687.52	823	1637.77	831	1653.69	848	1687.52
6863591	Sodas and Drinks	829	14880.55	812	14575.4	812	14575.4	828	14862.6	836	15006.2	811	14557.45
6863968	International	630	6268.5	611	6079.45	611	6079.45	629	6258.55	654	6507.3	680	6766
6873702	Freezer	105	1993.95	103	1955.97	103	1955.97	100	1899	104	1974.96	101	1917.99
6879456	Snacks	897	8028.15	906	8108.7	942	8430.9	980	8771	960	8592	922	8251.9
6881318	Produce	553	967.75	575	1006.25	564	987	592	1036	616	1078	591	1034.25
6886154	Produce	256	4992	251	4894.5	248	4836	250	4875	263	5128.5	274	5343
6889198	Sodas and Drinks	932	1817.4	923	1799.85	969	1889.55	998	1946.1	1048	2043.6	1058	2063.1
6897645	Baby	834	6630.3	826	6566.7	867	6892.65	902	7170.9	929	7385.55	966	7679.7
6899790	Produce	316	4104.84	319	4143.81	322	4182.78	322	4182.78	319	4143.81	306	3974.94
6900065	Produce	935	5600.65	963	5768.37	973	5828.27	1012	6061.88	982	5882.18	972	5822.28
6910087	Baby	979	5384.5	989	5439.5	1009	5549.5	1009	5549.5	1029	5659.5	1039	5714.5
6919816	Produce	401	2000.99	413	2060.87	401	2000.99	413	2060.87	417	2080.83	446	2225.54
6925576	Freezer	924	1617	896	1568	914	1599.5	951	1664.25	961	1681.75	1047	1832.25
6945087	Produce	593	2935.35	623	3083.85	617	3054.15	648	3207.6	648	3207.6	687	3400.65
6946489	Snacks	715	9287.85	722	9378.78	758	9846.42	735	9547.65	742	9638.58	801	10404.99
6947034	Baby	727	7989.73	756	8308.44	748	8220.52	778	8550.22	817	8978.83	776	8528.24
6950725	Dairy	236	2537	241	2590.75	253	2719.75	250	2687.5	253	2719.75	268	2881
6974647	Freezer	524	10474.76	550	10994.5	539	10774.61	550	10994.5	545	10894.55	583	11654.17
6975500	Produce	62	1239.38	61	1219.39	59	1179.41	62	1239.38	63	1259.37	62	1239.38
6977854	Produce	298	581.1	310	604.5	326	635.7	323	629.85	323	629.85	320	624
6989057	Freezer	365	2901.75	358	2846.1	365	2901.75	376	2989.2	376	2989.2	376	2989.2
7013857	Baby	892	16939.08	910	17280.9	901	17109.99	892	16939.08	937	17793.63	890	16901.1
7014410	Dairy	142	1668.5	149	1750.75	148	1739	148	1739	155	1821.25	169	1985.75
7015576	Produce	573	5128.35	590	5280.5	614	5495.3	626	5602.7	632	5656.4	683	6112.85
7016523	Freezer	89	529.55	90	535.5	95	565.25	93	553.35	97	577.15	104	618.8
7017059	Produce	958	6706	987	6909	1036	7252	1026	7182	1057	7399	1068	7476
7019774	Dairy	1037	17618.63	1027	17448.73	1048	17805.52	1058	17975.42	1026	17431.74	1118	18994.82
7024041	Baby	69	620.31	69	620.31	67	602.33	70	629.3	74	665.26	72	647.28
7033684	Dairy	291	858.45	297	876.15	306	902.7	309	911.55	318	938.1	324	955.8
7036018	International	615	2460	633	2532	639	2556	671	2684	684	2736	698	2792
7051486	Baby	637	3178.63	631	3148.69	612	3053.88	636	3173.64	668	3333.32	635	3168.65
7058569	Produce	317	2060.5	317	2060.5	307	1995.5	316	2054	307	1995.5	310	2015
7085407	Produce	327	6209.73	343	6513.57	340	6456.6	343	6513.57	340	6456.6	337	6399.63
7090800	Freezer	594	4152.06	612	4277.88	612	4277.88	630	4403.7	649	4536.51	688	4809.12
7093213	Dairy	312	3042	321	3129.75	311	3032.25	320	3120	310	3022.5	298	2905.5
7100954	Dairy	606	8477.94	624	8729.76	649	9079.51	643	8995.57	624	8729.76	668	9345.32
7103466	Baby	527	1554.65	553	1631.35	575	1696.25	604	1781.8	586	1728.7	592	1746.4
7104250	Refrigerated	70	1329.3	71	1348.29	69	1310.31	70	1329.3	74	1405.26	81	1538.19
7123179	Sodas and Drinks	231	1152.69	233	1162.67	226	1127.74	235	1172.65	228	1137.72	251	1252.49
7129679	Produce	999	14975.01	1009	15124.91	989	14825.11	969	14525.31	998	14960.02	1008	15109.92
7159038	Baby	11	197.45	11	197.45	11	197.45	11	197.45	11	197.45	12	215.4
7159457	Baby	38	493.62	38	493.62	39	506.61	41	532.59	41	532.59	39	506.61
7178303	Sodas and Drinks	491	3412.45	491	3412.45	506	3516.7	516	3586.2	501	3481.95	526	3655.7
7181378	Snacks	894	1788	930	1860	958	1916	948	1896	976	1952	1064	2128
7189308	Canned Goods	882	12339.18	856	11975.44	847	11849.53	847	11849.53	855	11961.45	846	11835.54
7190279	Canned Goods	309	923.91	315	941.85	309	923.91	306	914.94	303	905.97	303	905.97
7216658	Produce	195	2525.25	189	2447.55	189	2447.55	198	2564.1	194	2512.3	194	2512.3
7224604	Produce	1012	19987	1052	20777	1031	20362.25	1072	21172	1040	20540	1134	22396.5
7229762	Freezer	70	1466.5	70	1466.5	68	1424.6	68	1424.6	71	1487.45	78	1634.1
7231365	Sodas and Drinks	464	9720.8	483	10118.85	488	10223.6	483	10118.85	488	10223.6	527	11040.65
7232371	Snacks	126	1631.7	132	1709.4	137	1774.15	133	1722.35	136	1761.2	144	1864.8
7236009	Produce	849	3353.55	849	3353.55	824	3254.8	849	3353.55	832	3286.4	890	3515.5
7243503	Refrigerated	375	3746.25	371	3706.29	378	3776.22	370	3696.3	366	3656.34	392	3916.08
7244503	Refrigerated	616	1232	616	1232	622	1244	622	1244	647	1294	641	1282
7248292	Refrigerated	845	3337.75	837	3306.15	829	3274.55	870	3436.5	870	3436.5	870	3436.5
7258324	Baby	903	16208.85	876	15724.2	920	16514	892	16011.4	919	16496.05	1002	17985.9
7258579	Produce	839	14221.05	814	13797.3	822	13932.9	847	14356.65	889	15068.55	916	15526.2
7267736	Produce	44	129.8	43	126.85	43	126.85	43	126.85	43	126.85	46	135.7
7289406	Produce	681	8846.19	708	9196.92	715	9287.85	751	9755.49	728	9456.72	713	9261.87
7298250	Snacks	123	369	127	381	123	369	128	384	134	402	141	423
7305482	Baby	230	2987.7	225	2922.75	234	3039.66	227	2948.73	238	3091.62	228	2961.72
7336955	Produce	431	4305.69	418	4175.82	410	4095.9	406	4055.94	426	4255.74	405	4045.95
7347862	Freezer	1035	20689.65	1035	20689.65	1076	21509.24	1108	22148.92	1152	23028.48	1233	24647.67
7348686	International	926	8287.7	907	8117.65	934	8359.3	934	8359.3	925	8278.75	953	8529.35
7375846	Refrigerated	324	2264.76	340	2376.6	330	2306.7	347	2425.53	364	2544.36	357	2495.43
7384120	Freezer	577	11511.15	606	12089.7	630	12568.5	649	12947.55	675	13466.25	689	13745.55
7407674	Refrigerated	379	4544.21	394	4724.06	394	4724.06	386	4628.14	394	4724.06	390	4676.1
7415025	Baby	570	8977.5	581	9150.75	569	8961.75	563	8867.25	546	8599.5	557	8772.75
7418148	Produce	98	1269.1	103	1333.85	108	1398.6	112	1450.4	111	1437.45	109	1411.55
7419341	Sodas and Drinks	143	999.57	146	1020.54	143	999.57	147	1027.53	143	999.57	140	978.6
7454896	Produce	574	3874.5	603	4070.25	597	4029.75	603	4070.25	627	4232.25	683	4610.25
7474100	Produce	665	11970	698	12564	733	13194	718	12924	696	12528	682	12276
7503372	Sodas and Drinks	10	19.9	10	19.9	10	19.9	10	19.9	10	19.9	10	19.9
7505141	Snacks	10	29.9	10	29.9	10	29.9	10	29.9	10	29.9	11	32.89
7509930	Refrigerated	448	3131.52	448	3131.52	461	3222.39	470	3285.3	489	3418.11	513	3585.87
7516105	Produce	654	13727.46	641	13454.59	635	13328.65	648	13601.52	635	13328.65	622	13055.78
7531999	Produce	434	6922.3	443	7065.85	447	7129.65	451	7193.45	474	7560.3	479	7640.05
7553180	Produce	882	3307.5	856	3210	890	3337.5	872	3270	863	3236.25	906	3397.5
7555886	Baby	237	1884.15	235	1868.25	244	1939.8	237	1884.15	249	1979.55	242	1923.9
7560318	Dairy	49	685.51	49	685.51	51	713.49	54	755.46	56	783.44	60	839.4
7564925	Dairy	513	6150.87	498	5971.02	523	6270.77	539	6462.61	539	6462.61	512	6138.88
7615162	Snacks	879	7867.05	888	7947.6	870	7786.5	870	7786.5	896	8019.2	986	8824.7
7628257	Baby	578	10375.1	566	10159.7	555	9962.25	549	9854.55	538	9657.1	576	10339.2
7631954	Freezer	693	1212.75	728	1274	743	1300.25	780	1365	780	1365	811	1419.25
7649742	Snacks	915	10065	942	10362	914	10054	960	10560	979	10769	1028	11308
7650282	Snacks	936	3510	917	3438.75	945	3543.75	954	3577.5	944	3540	953	3573.75
7654499	Produce	266	5051.34	266	5051.34	271	5146.29	279	5298.21	285	5412.15	271	5146.29
7682525	Canned Goods	708	10612.92	736	11032.64	736	11032.64	765	11467.35	750	11242.5	773	11587.27
7685688	Canned Goods	310	1705	301	1655.5	304	1672	295	1622.5	289	1589.5	275	1512.5
7686799	Sodas and Drinks	626	3724.7	620	3689	639	3802.05	645	3837.75	645	3837.75	697	4147.15
7689024	Sodas and Drinks	165	988.35	162	970.38	164	982.36	169	1012.31	164	982.36	179	1072.21
7693416	Dairy	278	4156.1	286	4275.7	277	4141.15	285	4260.75	282	4215.9	288	4305.6
7709611	Baby	147	1021.65	154	1070.3	154	1070.3	151	1049.45	153	1063.35	168	1167.6
7710250	Produce	245	4410	255	4590	265	4770	273	4914	287	5166	307	5526
7718532	Dairy	283	5094	286	5148	280	5040	277	4986	274	4932	271	4878
7718609	Dairy	929	13925.71	929	13925.71	920	13790.8	938	14060.62	966	14480.34	947	14195.53
7722751	Snacks	694	6239.06	687	6176.13	680	6113.2	694	6239.06	680	6113.2	646	5807.54
7731295	Canned Goods	516	4618.2	542	4850.9	553	4949.35	559	5003.05	559	5003.05	598	5352.1
7731809	Refrigerated	720	11160	749	11609.5	749	11609.5	764	11842	756	11718	741	11485.5
7746896	Produce	737	10870.75	722	10649.5	751	11077.25	774	11416.5	766	11298.5	751	11077.25
7758290	Dairy	672	6384	699	6640.5	699	6640.5	727	6906.5	742	7049	779	7400.5
7760599	Produce	489	5863.11	474	5683.26	465	5575.35	484	5803.16	489	5863.11	494	5923.06
7775458	Produce	946	13196.7	937	13071.15	909	12680.55	882	12303.9	882	12303.9	882	12303.9
7778717	Snacks	169	1519.31	171	1537.29	176	1582.24	171	1537.29	178	1600.22	171	1537.29
7780373	Produce	443	7508.85	439	7441.05	461	7813.95	479	8119.05	469	7949.55	446	7559.7
7792179	International	777	6216	761	6088	776	6208	760	6080	752	6016	775	6200
7811202	Canned Goods	782	7820	805	8050	789	7890	821	8210	846	8460	854	8540
7816200	Refrigerated	646	12758.5	665	13133.75	692	13667	699	13805.25	706	13943.5	692	13667
7824959	Refrigerated	280	277.2	277	274.23	271	268.29	282	279.18	290	287.1	302	298.98
7845295	Sodas and Drinks	337	4714.63	350	4896.5	343	4798.57	353	4938.47	367	5134.33	396	5540.04
7849173	Canned Goods	348	5912.52	348	5912.52	351	5963.49	340	5776.6	333	5657.67	366	6218.34
7854265	Produce	138	2891.1	135	2828.25	135	2828.25	131	2744.45	135	2828.25	147	3079.65
7864067	Produce	639	10856.61	671	11400.29	651	11060.49	638	10839.62	664	11281.36	691	11740.09
7865259	Produce	153	1069.47	159	1111.41	154	1076.46	160	1118.4	155	1083.45	150	1048.5
7880591	Produce	246	3933.54	248	3965.52	241	3853.59	253	4045.47	250	3997.5	265	4237.35
7891829	Refrigerated	333	3646.35	346	3788.7	363	3974.85	367	4018.65	382	4182.9	405	4434.75
7895117	Dairy	476	9039.24	490	9305.1	510	9684.9	505	9589.95	530	10064.7	535	10159.65
7900319	Snacks	810	13761.9	842	14305.58	884	15019.16	857	14560.43	883	15002.17	883	15002.17
7914902	Produce	479	10054.21	498	10453.02	483	10138.17	502	10536.98	492	10327.08	497	10432.03
7916097	Canned Goods	732	14603.4	725	14463.75	718	14324.1	754	15042.3	784	15640.8	839	16738.05
7916635	Produce	288	3453.12	291	3489.09	294	3525.06	288	3453.12	288	3453.12	311	3728.89
7933385	Baby	110	874.5	116	922.2	118	938.1	117	930.15	123	977.85	125	993.75
7935793	Baby	510	8664.9	536	9106.64	531	9021.69	542	9208.58	531	9021.69	584	9922.16
7938570	Produce	78	545.22	80	559.2	82	573.18	80	559.2	82	573.18	86	601.14
7938864	Refrigerated	861	817.95	870	826.5	914	868.3	887	842.65	887	842.65	922	875.9
7948322	International	32	312	31	302.25	32	312	33	321.75	34	331.5	37	360.75
7951038	Canned Goods	121	2050.95	127	2152.65	126	2135.7	122	2067.9	123	2084.85	118	2000.1
7962054	Baby	615	1845	646	1938	646	1938	659	1977	639	1917	690	2070
7964118	Produce	49	379.75	49	379.75	51	395.25	52	403	52	403	55	426.25
7968731	Freezer	505	3509.75	520	3614	515	3579.25	525	3648.75	530	3683.5	572	3975.4
7969096	Dairy	524	8378.76	540	8634.6	551	8810.49	568	9082.32	591	9450.09	632	10105.68
7983283	Sodas and Drinks	973	9243.5	944	8968	963	9148.5	1002	9519	1052	9994	1020	9690
7993052	Dairy	514	4620.86	524	4710.76	508	4566.92	498	4477.02	503	4521.97	493	4432.07
8000519	Dairy	325	308.75	328	311.6	331	314.45	324	307.8	330	313.5	333	316.35
8012975	Dairy	933	923.67	933	923.67	980	970.2	1009	998.91	1039	1028.61	997	987.03
8015796	Produce	813	13617.75	854	14304.5	845	14153.75	879	14723.25	897	15024.75	852	14271
8036717	International	871	5008.25	845	4858.75	845	4858.75	845	4858.75	870	5002.5	931	5353.25
8038561	Freezer	435	4676.25	444	4773	453	4869.75	471	5063.25	490	5267.5	515	5536.25
8040909	Dairy	382	5710.9	386	5770.7	374	5591.3	393	5875.35	397	5935.15	377	5636.15
8042453	Produce	454	1357.46	440	1315.6	458	1369.42	458	1369.42	481	1438.19	462	1381.38
8048265	Refrigerated	220	110	229	114.5	224	112	228	114	226	113	235	117.5
8049256	Refrigerated	432	6372	436	6431	427	6298.25	431	6357.25	453	6681.75	485	7153.75
8054068	Canned Goods	98	1171.1	100	1195	103	1230.85	104	1242.8	109	1302.55	113	1350.35
8062521	Produce	167	3164.65	172	3259.4	179	3392.05	184	3486.8	188	3562.6	199	3771.05
8073106	Dairy	401	8400.95	409	8568.55	421	8819.95	438	9176.1	434	9092.3	417	8736.15
8073681	Snacks	158	118.5	164	123	167	125.25	164	123	166	124.5	174	130.5
8082511	Dairy	352	4558.4	341	4415.95	341	4415.95	331	4286.45	348	4506.6	369	4778.55
8082802	Snacks	794	6344.06	802	6407.98	834	6663.66	867	6927.33	910	7270.9	883	7055.17
8113411	International	987	4925.13	1036	5169.64	1005	5014.95	1045	5214.55	1045	5214.55	1045	5214.55
8116171	Produce	226	3613.74	233	3725.67	240	3837.6	235	3757.65	247	3949.53	267	4269.33
8127889	Dairy	488	4880	488	4880	498	4980	488	4880	493	4930	478	4780
8136717	Canned Goods	780	16372.2	757	15889.43	765	16057.35	757	15889.43	757	15889.43	719	15091.81
8146276	Produce	68	679.32	71	709.29	70	699.3	72	719.28	71	709.29	71	709.29
8158364	Freezer	247	3939.65	242	3859.9	247	3939.65	249	3971.55	256	4083.2	248	3955.6
8176110	Produce	338	1335.1	341	1346.95	338	1335.1	338	1335.1	348	1374.6	376	1485.2
8182035	Canned Goods	83	1240.85	87	1300.65	85	1270.75	83	1240.85	81	1210.95	80	1196
8185645	Produce	280	5877.2	277	5814.23	280	5877.2	283	5940.17	275	5772.25	281	5898.19
8192062	Produce	487	2435	506	2530	511	2555	496	2480	516	2580	547	2735
8207163	Snacks	931	3258.5	912	3192	885	3097.5	894	3129	894	3129	912	3192
8218751	Baby	687	6870	673	6730	673	6730	680	6800	660	6600	647	6470
8226588	Produce	700	4165	700	4165	686	4081.7	693	4123.35	714	4248.3	735	4373.25
8237668	Dairy	120	838.8	119	831.81	117	817.83	119	831.81	123	859.77	122	852.78
8253993	Produce	883	6622.5	918	6885	955	7162.5	945	7087.5	926	6945	880	6600
8272524	Baby	763	6065.85	778	6185.1	755	6002.25	785	6240.75	824	6550.8	882	7011.9
8274916	Sodas and Drinks	1024	18380.8	1065	19116.75	1118	20068.1	1096	19673.2	1140	20463	1083	19439.85
8276962	Snacks	391	5083	391	5083	383	4979	379	4927	387	5031	406	5278
8289882	Refrigerated	848	11863.52	831	11625.69	873	12213.27	882	12339.18	926	12954.74	917	12828.83
8290141	Produce	85	934.15	85	934.15	85	934.15	86	945.14	83	912.17	87	956.13
8300517	International	331	3293.45	321	3193.95	318	3164.1	324	3223.8	340	3383	367	3651.65
8302469	Produce	48	468	49	477.75	50	487.5	50	487.5	49	477.75	50	487.5
8304057	Dairy	751	15733.45	736	15419.2	765	16026.75	773	16194.35	750	15712.5	810	16969.5
8311299	International	387	1544.13	402	1603.98	422	1683.78	443	1767.57	443	1767.57	465	1855.35
8325530	Produce	1003	10019.97	993	9920.07	983	9820.17	963	9620.37	982	9810.18	1011	10099.89
8347392	International	749	8950.55	779	9309.05	802	9583.9	778	9297.1	809	9667.55	817	9763.15
8353695	Canned Goods	401	8416.99	413	8668.87	401	8416.99	397	8333.03	389	8165.11	428	8983.72
8357814	International	632	11344.4	664	11918.8	644	11559.8	638	11452.1	664	11918.8	730	13103.5
8365999	Sodas and Drinks	847	7614.53	839	7542.61	873	7848.27	917	8243.83	963	8657.37	915	8225.85
8372765	Baby	188	3946.12	194	4072.06	192	4030.08	186	3904.14	184	3862.16	177	3715.23
8394383	Freezer	505	3787.5	500	3750	505	3787.5	490	3675	515	3862.5	500	3750
8399688	Snacks	756	2079	794	2183.5	786	2161.5	825	2268.75	850	2337.5	859	2362.25
8403060	Sodas and Drinks	334	6663.3	327	6523.65	327	6523.65	330	6583.5	347	6922.65	354	7062.3
8408791	Snacks	83	1410.17	87	1478.13	84	1427.16	83	1410.17	81	1376.19	86	1461.14
8410674	Produce	282	267.9	276	262.2	284	269.8	278	264.1	289	274.55	315	299.25
8419208	Snacks	385	8081.15	373	7829.27	388	8144.12	388	8144.12	396	8312.04	436	9151.64
8422966	Dairy	915	15326.25	924	15477	896	15008	905	15158.75	914	15309.5	1005	16833.75
8437176	Produce	546	3794.7	562	3905.9	556	3864.2	562	3905.9	562	3905.9	596	4142.2
8447917	Dairy	278	553.22	289	575.11	301	598.99	304	604.96	313	622.87	297	591.03
8461765	Produce	605	12069.75	623	12428.85	629	12548.55	610	12169.5	622	12408.9	653	13027.35
8470171	International	985	12312.5	975	12187.5	946	11825	993	12412.5	1043	13037.5	1012	12650
8488884	Canned Goods	750	8062.5	788	8471	820	8815	845	9083.75	879	9449.25	941	10115.75
8489918	Freezer	93	1297.35	97	1353.15	95	1325.25	98	1367.1	101	1408.95	100	1395
8491262	Produce	825	12787.5	858	13299	832	12896	815	12632.5	839	13004.5	889	13779.5
8499798	Refrigerated	162	315.9	162	315.9	168	327.6	163	317.85	161	313.95	155	302.25
8503403	Canned Goods	589	11774.11	618	12353.82	649	12973.51	649	12973.51	655	13093.45	721	14412.79
8506848	Refrigerated	73	1313.27	72	1295.28	75	1349.25	74	1331.26	72	1295.28	69	1241.31
8506926	International	400	7500	396	7425	392	7350	388	7275	407	7631.25	403	7556.25
8508234	Canned Goods	881	4396.19	890	4441.1	899	4486.01	881	4396.19	881	4396.19	934	4660.66
8510019	Sodas and Drinks	466	9320	485	9700	485	9700	485	9700	470	9400	447	8940
8517811	Dairy	578	2306.22	566	2258.34	589	2350.11	589	2350.11	577	2302.23	548	2186.52
8551490	Produce	867	2592.33	841	2514.59	833	2490.67	866	2589.34	840	2511.6	874	2613.26
8558527	Baby	627	1849.65	640	1888	672	1982.4	692	2041.4	706	2082.7	748	2206.6
8580913	Canned Goods	185	1757.5	191	1814.5	201	1909.5	195	1852.5	195	1852.5	197	1871.5
8581919	Produce	1015	6597.5	1005	6532.5	1055	6857.5	1108	7202	1108	7202	1130	7345
8604306	Refrigerated	702	2070.9	681	2008.95	695	2050.25	730	2153.5	715	2109.25	765	2256.75
8621309	Baby	30	299.7	32	319.68	33	329.67	32	319.68	31	309.69	30	299.7
8627065	Refrigerated	836	2466.2	853	2516.35	896	2643.2	923	2722.85	951	2805.45	1027	3029.65
8639723	Dairy	596	4023	596	4023	596	4023	608	4104	596	4023	656	4428
8645385	Sodas and Drinks	720	8632.8	742	8896.58	779	9340.21	802	9615.98	802	9615.98	802	9615.98
8675817	Produce	1000	13990	1010	14129.9	1050	14689.5	1019	14255.81	1070	14969.3	1102	15416.98
8683925	Produce	288	5688	279	5510.25	285	5628.75	288	5688	282	5569.5	279	5510.25
8684480	Snacks	649	7132.51	649	7132.51	675	7418.25	662	7275.38	662	7275.38	708	7780.92
8695074	Dairy	183	1637.85	178	1593.1	183	1637.85	185	1655.75	185	1655.75	198	1772.1
8700059	Baby	441	3064.95	441	3064.95	450	3127.5	441	3064.95	445	3092.75	449	3120.55
8708602	Canned Goods	842	2483.9	834	2460.3	859	2534.05	868	2560.6	911	2687.45	984	2902.8
8709098	Snacks	406	1213.94	422	1261.78	422	1261.78	414	1237.86	414	1237.86	393	1175.07
8713261	Snacks	596	3546.2	578	3439.1	584	3474.8	607	3611.65	625	3718.75	625	3718.75
8724001	Baby	999	3946.05	1039	4104.05	1070	4226.5	1070	4226.5	1081	4269.95	1189	4696.55
8786061	Freezer	743	13745.5	743	13745.5	728	13468	764	14134	802	14837	770	14245
8807913	Sodas and Drinks	476	4522	495	4702.5	495	4702.5	515	4892.5	510	4845	561	5329.5
8813757	Sodas and Drinks	747	11205	784	11760	760	11400	752	11280	737	11055	796	11940
8817102	Freezer	323	5410.25	329	5510.75	332	5561	322	5393.5	319	5343.25	341	5711.75
8831330	Freezer	196	2930.2	190	2840.5	184	2750.8	180	2691	180	2691	191	2855.45
8854449	Baby	84	1423.8	84	1423.8	82	1389.9	84	1423.8	82	1389.9	89	1508.55
8858352	International	218	3913.1	222	3984.9	215	3859.25	226	4056.7	224	4020.8	242	4343.9
8887773	Snacks	757	8319.43	742	8154.58	779	8561.21	810	8901.9	794	8726.06	810	8901.9
8892430	Refrigerated	1	1.5	1	1.5	1	1.5	1	1.5	1	1.5	1	1.5
8901345	Canned Goods	671	12413.5	651	12043.5	677	12524.5	657	12154.5	683	12635.5	669	12376.5
8910087	Sodas and Drinks	48	573.6	48	573.6	49	585.55	48	573.6	48	573.6	48	573.6
8912443	Produce	57	1182.75	58	1203.5	57	1182.75	58	1203.5	56	1162	58	1203.5
8936820	Produce	372	4460.28	383	4592.17	391	4688.09	395	4736.05	395	4736.05	395	4736.05
8947946	Sodas and Drinks	99	589.05	97	577.15	96	571.2	97	577.15	101	600.95	109	648.55
8952586	Dairy	185	878.75	187	888.25	196	931	206	978.5	204	969	218	1035.5
8954222	International	618	11093.1	612	10985.4	606	10877.7	588	10554.6	606	10877.7	661	11864.95
8956494	Baby	736	12512	773	13141	804	13668	836	14212	836	14212	803	13651
8957322	Snacks	16	15.2	17	16.15	17	16.15	17	16.15	17	16.15	17	16.15
8957871	Baby	128	2169.6	129	2186.55	126	2135.7	122	2067.9	124	2101.8	118	2000.1
8965327	Produce	251	878.5	261	913.5	271	948.5	271	948.5	268	938	260	910
8969094	Produce	564	987	592	1036	616	1078	622	1088.5	603	1055.25	609	1065.75
8972707	Snacks	679	14225.05	665	13931.75	658	13785.1	671	14057.45	705	14769.75	761	15942.95
8981648	Produce	839	11704.05	856	11941.2	847	11815.65	847	11815.65	822	11466.9	806	11243.7
8984681	Baby	180	2871	189	3014.55	193	3078.35	191	3046.45	185	2950.75	183	2918.85
9003129	Sodas and Drinks	220	1537.8	231	1614.69	229	1600.71	234	1635.66	239	1670.61	261	1824.39
9005527	Produce	849	14008.5	832	13728	815	13447.5	839	13843.5	856	14124	830	13695
9016855	Baby	538	1070.62	549	1092.51	554	1102.46	537	1068.63	532	1058.68	537	1068.63
9040051	Produce	680	3393.2	673	3358.27	660	3293.4	680	3393.2	694	3463.06	701	3497.99
9043461	Baby	224	2632	228	2679	221	2596.75	225	2643.75	236	2773	243	2855.25
9055505	Canned Goods	645	1902.75	639	1885.05	658	1941.1	651	1920.45	671	1979.45	698	2059.1
9057585	Freezer	61	472.75	59	457.25	60	465	63	488.25	62	480.5	66	511.5
9077431	Produce	573	2292	562	2248	568	2272	568	2272	551	2204	557	2228
9082323	Canned Goods	70	906.5	74	958.3	76	984.2	74	958.3	77	997.15	74	958.3
9083677	Dairy	747	6715.53	777	6985.23	777	6985.23	785	7057.15	801	7200.99	793	7129.07
9086823	Canned Goods	219	2406.81	215	2362.85	221	2428.79	225	2472.75	218	2395.82	240	2637.6
9089493	Freezer	39	466.05	39	466.05	39	466.05	40	478	40	478	44	525.8
9118851	Canned Goods	64	892.8	63	878.85	62	864.9	62	864.9	63	878.85	66	920.7
9121412	Produce	332	1656.68	342	1706.58	339	1691.61	353	1761.47	346	1726.54	332	1656.68
9134736	Produce	887	8648.25	878	8560.5	922	8989.5	913	8901.75	931	9077.25	931	9077.25
9145769	Baby	971	6748.45	1020	7089	1040	7228	1092	7589.4	1092	7589.4	1114	7742.3
9161184	Baby	799	15972.01	807	16131.93	783	15652.17	814	16271.86	855	17091.45	881	17611.19
9162408	Snacks	615	3683.85	615	3683.85	640	3833.6	672	4025.28	659	3947.41	699	4187.01
9165143	Canned Goods	695	688.05	681	674.19	708	700.92	687	680.13	694	687.06	722	714.78
9167682	Produce	709	9209.91	737	9573.63	730	9482.7	745	9677.55	730	9482.7	723	9391.77
9175296	Canned Goods	918	14642.1	909	14498.55	900	14355	873	13924.35	847	13509.65	898	14323.1
9186505	Produce	288	2589.12	300	2697	312	2804.88	328	2948.72	331	2975.69	341	3065.59
9193969	Produce	165	1732.5	167	1753.5	174	1827	169	1774.5	167	1753.5	170	1785
9202845	International	178	532.22	180	538.2	180	538.2	175	523.25	180	538.2	187	559.13
9251958	Refrigerated	282	423	285	427.5	294	441	285	427.5	291	436.5	317	475.5
9256829	Produce	709	8472.55	702	8388.9	716	8556.2	709	8472.55	730	8723.5	694	8293.3
9257605	Canned Goods	373	3636.75	362	3529.5	351	3422.25	351	3422.25	365	3558.75	383	3734.25
9266722	Baby	359	6099.41	355	6031.45	344	5844.56	354	6014.46	365	6201.35	380	6456.2
9281868	International	63	1197	64	1216	66	1254	67	1273	70	1330	76	1444
9290825	Produce	206	3491.7	208	3525.6	210	3559.5	221	3745.95	230	3898.5	251	4254.45
9308506	Dairy	128	121.6	129	122.55	129	122.55	135	128.25	131	124.45	124	117.8
9318160	Refrigerated	240	4797.6	250	4997.5	260	5197.4	252	5037.48	247	4937.53	252	5037.48
9329625	Produce	805	2374.75	829	2445.55	837	2469.15	845	2492.75	853	2516.35	853	2516.35
9333415	Sodas and Drinks	928	18550.72	965	19290.35	975	19490.25	1024	20469.76	993	19850.07	963	19250.37
9337971	Dairy	344	6106	347	6159.25	340	6035	340	6035	337	5981.75	340	6035
9339592	Sodas and Drinks	847	804.65	881	836.95	907	861.65	880	836	854	811.3	880	836
9345935	Produce	328	6871.6	338	7081.1	355	7437.25	366	7667.7	384	8044.8	422	8840.9
9358085	Dairy	434	863.66	434	863.66	451	897.49	474	943.26	465	925.35	465	925.35
9362680	Produce	29	202.71	29	202.71	28	195.72	28	195.72	28	195.72	27	188.73
9370577	Canned Goods	971	18400.45	952	18040.4	933	17680.35	933	17680.35	961	18210.95	1047	19840.65
9381364	Baby	790	7892.1	774	7732.26	774	7732.26	789	7882.11	781	7802.19	742	7412.58
9390570	Canned Goods	426	404.7	422	400.9	418	397.1	414	393.3	410	389.5	418	397.1
9405835	Dairy	420	4195.8	441	4405.59	454	4535.46	459	4585.41	473	4725.27	520	5194.8
9409002	Refrigerated	329	4273.71	332	4312.68	342	4442.58	349	4533.51	339	4403.61	349	4533.51
9451555	Snacks	243	1455.57	248	1485.52	255	1527.45	265	1587.35	276	1653.24	290	1737.1
9478209	International	80	399.2	78	389.22	82	409.18	81	404.19	81	404.19	78	389.22
9484866	Dairy	37	332.63	39	350.61	38	341.62	37	332.63	36	323.64	35	314.65
9495034	Refrigerated	226	3839.74	219	3720.81	221	3754.79	217	3686.83	213	3618.87	211	3584.89
9501418	Freezer	239	953.61	232	925.68	244	973.56	246	981.54	239	953.61	229	913.71
9505060	International	969	12587.31	950	12340.5	922	11976.78	968	12574.32	987	12821.13	977	12691.23
9507536	Freezer	945	4715.55	945	4715.55	983	4905.17	1012	5049.88	1063	5304.37	1042	5199.58
9524900	Canned Goods	407	8526.65	419	8778.05	440	9218	440	9218	436	9134.2	467	9783.65
9536900	Baby	958	8622	939	8451	911	8199	938	8442	966	8694	1024	9216
9538803	Sodas and Drinks	223	1781.77	230	1837.7	237	1893.63	230	1837.7	239	1909.61	244	1949.56
9540699	Freezer	508	5582.92	498	5473.02	523	5747.77	513	5637.87	528	5802.72	565	6209.35
9541383	Baby	772	8453.4	795	8705.25	835	9143.25	835	9143.25	843	9230.85	801	8770.95
9578219	Freezer	291	3477.45	300	3585	312	3728.4	324	3871.8	314	3752.3	336	4015.2
9581390	Canned Goods	122	486.78	127	506.73	131	522.69	130	518.7	137	546.63	132	526.68
9608296	Produce	260	2535	265	2583.75	276	2691	290	2827.5	305	2973.75	299	2915.25
9609672	Snacks	906	4520.94	879	4386.21	870	4341.3	887	4426.13	878	4381.22	948	4730.52
9616914	Dairy	66	1353	66	1353	67	1373.5	69	1414.5	70	1435	73	1496.5
9621137	Baby	657	1307.43	650	1293.5	631	1255.69	656	1305.44	689	1371.11	717	1426.83
9631296	Produce	972	7533	953	7385.75	934	7238.5	953	7385.75	943	7308.25	915	7091.25
9637513	Canned Goods	47	516.53	49	538.51	50	549.5	50	549.5	51	560.49	49	538.51
9647471	Canned Goods	454	4063.3	454	4063.3	477	4269.15	467	4179.65	462	4134.9	476	4260.2
9650542	Sodas and Drinks	686	5453.7	713	5668.35	699	5557.05	685	5445.75	678	5390.1	685	5445.75
9662132	Sodas and Drinks	413	3696.35	401	3588.95	393	3517.35	405	3624.75	405	3624.75	389	3481.55
9682567	Snacks	171	511.29	171	511.29	174	520.26	169	505.31	174	520.26	165	493.35
9710552	Produce	727	5081.73	712	4976.88	712	4976.88	726	5074.74	719	5025.81	683	4774.17
9719538	Produce	722	1444	729	1458	714	1428	750	1500	743	1486	706	1412
9732011	Produce	534	2664.66	539	2689.61	544	2714.56	539	2689.61	528	2634.72	581	2899.19
9732674	Refrigerated	132	1023	136	1054	139	1077.25	136	1054	137	1061.75	137	1061.75
9746592	Snacks	260	4030	260	4030	252	3906	262	4061	262	4061	254	3937
9749890	Snacks	969	12548.55	1017	13170.15	1048	13571.6	1069	13843.55	1101	14257.95	1101	14257.95
9761977	Canned Goods	507	2509.65	532	2633.4	537	2658.15	553	2737.35	575	2846.25	558	2762.1
9764300	Produce	370	5531.5	370	5531.5	385	5755.75	404	6039.8	400	5980	420	6279
9775037	International	382	7258	390	7410	406	7714	426	8094	426	8094	439	8341
9799996	Produce	259	906.5	269	941.5	282	987	285	997.5	288	1008	276	966
9810137	Freezer	963	16361.37	1002	17023.98	1052	17873.48	1031	17516.69	1062	18043.38	1158	19674.42
9813937	Refrigerated	324	2264.76	318	2222.82	331	2313.69	321	2243.79	318	2222.82	302	2110.98
9818207	International	749	4456.55	749	4456.55	771	4587.45	748	4450.6	785	4670.75	761	4527.95
9830278	International	539	7540.61	550	7694.5	561	7848.39	567	7932.33	590	8254.1	631	8827.69
9837076	International	419	8275.25	436	8611	449	8867.75	440	8690	458	9045.5	444	8769
9842931	International	373	6695.35	373	6695.35	388	6964.6	396	7108.2	416	7467.2	441	7915.95
9851018	Baby	386	4226.7	405	4434.75	405	4434.75	425	4653.75	412	4511.4	428	4686.6
9851321	Dairy	523	9937	518	9842	513	9747	518	9842	508	9652	544	10336
9852835	Sodas and Drinks	756	10584	756	10584	786	11004	786	11004	770	10780	747	10458
9854274	Refrigerated	924	8306.76	952	8558.48	990	8900.1	1010	9079.9	1050	9439.5	1029	9250.71
9855297	Produce	594	9949.5	576	9648	588	9849	570	9547.5	593	9932.75	640	10720
9859967	Snacks	1000	3950	1040	4108	1009	3985.55	1029	4064.55	1019	4025.05	1090	4305.5
9872666	Dairy	733	13743.75	711	13331.25	747	14006.25	777	14568.75	761	14268.75	753	14118.75
9873528	Produce	703	7022.97	710	7092.9	689	6883.11	689	6883.11	696	6953.04	731	7302.69
9881702	Sodas and Drinks	790	13430	798	13566	814	13838	814	13838	790	13430	782	13294
9906807	Produce	485	5330.15	470	5165.3	484	5319.16	503	5527.97	523	5747.77	575	6319.25
9935094	Snacks	107	529.65	105	519.75	102	504.9	105	519.75	102	504.9	98	485.1
9942647	Snacks	863	11175.85	880	11396	854	11059.3	828	10722.6	836	10826.2	911	11797.45
9946163	Baby	1037	20740	1037	20740	1016	20320	1057	21140	1078	21560	1143	22860
9961268	Sodas and Drinks	593	4002.75	599	4043.25	599	4043.25	629	4245.75	635	4286.25	679	4583.25
9962491	Sodas and Drinks	22	196.9	23	205.85	23	205.85	23	205.85	23	205.85	23	205.85
9967456	Refrigerated	280	2786	291	2895.45	303	3014.85	294	2925.3	306	3044.7	315	3134.25
9967647	Produce	217	3252.83	221	3312.79	223	3342.77	223	3342.77	221	3312.79	221	3312.79
9987375	Produce	886	6202	877	6139	895	6265	877	6139	921	6447	921	6447